15:46:08;0,0;0,0;0,0;0,0;0,0;0,0;0,0;0,0;0;
15:46:08;0,0;0,0;0,0;0,0;0,0;0,0;0,0;0,0;0;
15:46:09;0,0;0,0;0,0;0,0;0,0;0,0;0,0;0,0;0;
15:46:09;0,0;0,0;0,0;0,0;0,0;0,0;0,0;0,0;0;
15:46:10;0,0;0,0;0,0;0,0;0,0;0,0;0,0;0,0;0;
15:46:10;0,0;0,0;0,0;0,0;0,0;0,0;0,0;0,0;0;
15:46:11;0,0;0,0;0,0;0,0;0,0;0,0;0,0;0,0;0;
15:46:11;0,0;0,0;0,0;0,0;0,0;0,0;0,0;0,0;0;
15:46:12;0,0;0,0;0,0;0,0;0,0;0,0;0,0;0,0;0;
15:46:12;0,0;0,0;0,0;0,0;0,0;0,0;0,0;0,0;0;
15:46:13;0,0;0,0;0,0;0,0;0,0;0,0;0,0;0,0;0;
15:46:13;0,0;0,0;0,0;0,0;0,0;0,0;0,0;0,0;0;
15:46:14;0,0;0,0;0,0;0,0;0,0;0,0;0,0;0,0;0;
15:46:14;0,0;0,0;0,0;0,0;0,0;0,0;0,0;0,0;0;
15:46:15;0,0;0,0;0,0;0,0;0,0;0,0;0,0;0,0;0;
15:46:15;0,0;0,0;0,0;0,0;0,0;0,0;0,0;0,0;0;
15:46:16;0,0;0,0;0,0;0,0;0,0;0,0;0,0;0,0;0;
15:46:16;0,0;0,0;0,0;0,0;0,0;0,0;0,0;0,0;0;
15:46:17;0,0;0,0;0,0;0,0;0,0;0,0;0,0;0,0;0;
15:46:17;0,0;0,0;0,0;0,0;0,0;0,0;0,0;0,0;0;
15:46:18;0,0;0,0;0,0;0,0;0,0;0,0;0,0;0,0;0;
15:46:18;0,0;0,0;0,0;0,0;0,0;0,0;0,0;0,0;0;
15:46:19;0,0;0,0;0,0;0,0;0,0;0,0;0,0;0,0;0;
15:46:19;0,0;0,0;0,0;0,0;0,0;0,0;0,0;0,0;0;
15:46:20;0,0;0,0;0,0;0,0;0,0;0,0;0,0;0,0;0;
15:46:20;0,0;0,0;0,0;0,0;0,0;0,0;0,0;0,0;0;
15:46:21;0,0;0,0;0,0;0,0;0,0;0,0;0,0;0,0;0;
15:46:21;0,0;0,0;0,0;0,0;0,0;0,0;0,0;0,0;0;
15:46:22;0,0;0,0;0,0;0,0;0,0;0,0;0,0;0,0;0;
15:46:22;0,0;0,0;0,0;0,0;0,0;0,0;0,0;0,0;0;
15:46:23;0,0;0,0;0,0;0,0;0,0;0,0;0,0;0,0;0;
15:46:23;0,0;0,0;0,0;0,0;0,0;0,0;0,0;0,0;0;
15:46:24;0,0;0,0;0,0;0,0;0,0;0,0;0,0;0,0;0;
15:46:24;0,0;0,0;0,0;0,0;0,0;0,0;0,0;0,0;0;
15:46:25;0,0;0,0;0,0;0,0;0,0;0,0;0,0;0,0;0;
15:46:25;0,0;0,0;0,0;0,0;0,0;0,0;0,0;0,0;0;
15:46:26;0,0;0,0;0,0;0,0;0,0;0,0;0,0;0,0;0;
15:46:26;0,0;0,0;0,0;0,0;0,0;0,0;0,0;0,0;0;
15:46:27;0,0;0,0;0,0;0,0;0,0;0,0;0,0;0,0;0;
15:46:27;0,0;0,0;0,0;0,0;0,0;0,0;0,0;0,0;0;
15:46:28;0,0;0,0;0,0;0,0;0,0;0,0;0,0;0,0;0;
15:46:28;0,0;0,0;0,0;0,0;0,0;0,0;0,0;0,0;0;
15:46:29;0,0;0,0;0,0;0,0;0,0;0,0;0,0;0,0;0;
15:46:29;0,0;0,0;0,0;0,0;0,0;0,0;0,0;0,0;0;
15:46:30;0,0;0,0;0,0;0,0;0,0;0,0;0,0;0,0;0;
15:46:30;0,0;0,0;0,0;0,0;0,0;0,0;0,0;0,0;0;
15:46:31;0,0;0,0;0,0;0,0;0,0;0,0;0,0;0,0;0;
15:46:31;0,0;0,0;0,0;0,0;0,0;0,0;0,0;0,0;0;
15:46:32;0,0;0,0;0,0;0,0;0,0;0,0;0,0;0,0;0;
15:46:33;0,0;0,0;0,0;0,0;0,0;0,0;0,0;0,0;0;
15:46:33;0,0;0,0;0,0;0,0;0,0;0,0;0,0;0,0;0;
15:46:34;0,0;0,0;0,0;0,0;0,0;0,0;0,0;0,0;0;
15:46:34;0,0;0,0;0,0;0,0;0,0;0,0;0,0;0,0;0;
15:46:35;0,0;0,0;0,0;0,0;0,0;0,0;0,0;0,0;0;
15:46:35;0,0;0,0;0,0;0,0;0,0;0,0;0,0;0,0;0;
15:46:36;0,0;0,0;0,0;0,0;0,0;0,0;0,0;0,0;0;
15:46:36;0,0;0,0;0,0;0,0;0,0;0,0;0,0;0,0;0;
15:46:37;0,0;0,0;0,0;0,0;0,0;0,0;0,0;0,0;0;
15:46:37;0,0;0,0;0,0;0,0;0,0;0,0;0,0;0,0;0;
15:46:38;0,0;0,0;0,0;0,0;0,0;0,0;0,0;0,0;0;
15:46:38;0,0;0,0;0,0;0,0;0,0;0,0;0,0;0,0;0;
15:46:39;0,0;0,0;0,0;0,0;0,0;0,0;0,0;0,0;0;
15:46:39;0,0;0,0;0,0;0,0;0,0;0,0;0,0;0,0;0;
15:46:40;0,0;0,0;0,0;0,0;0,0;0,0;0,0;0,0;0;
15:46:40;0,0;0,0;0,0;0,0;0,0;0,0;0,0;0,0;0;
15:46:41;0,0;0,0;0,0;0,0;0,0;0,0;0,0;0,0;0;
15:46:41;0,0;0,0;0,0;0,0;0,0;0,0;0,0;0,0;0;
15:46:42;0,0;0,0;0,0;0,0;0,0;0,0;0,0;0,0;0;
15:46:42;0,0;0,0;0,0;0,0;0,0;0,0;0,0;0,0;0;
15:46:43;0,0;0,0;0,0;0,0;0,0;0,0;0,0;0,0;0;
15:46:43;0,0;0,0;0,0;0,0;0,0;0,0;0,0;0,0;0;
15:46:44;0,0;0,0;0,0;0,0;0,0;0,0;0,0;0,0;0;
15:46:44;0,0;0,0;0,0;0,0;0,0;0,0;0,0;0,0;0;
15:46:45;0,0;0,0;0,0;0,0;0,0;0,0;0,0;0,0;0;
15:46:45;0,0;0,0;0,0;0,0;0,0;0,0;0,0;0,0;0;
15:46:46;0,0;0,0;0,0;0,0;0,0;0,0;0,0;0,0;0;
15:46:46;0,0;0,0;0,0;0,0;0,0;0,0;0,0;0,0;0;
15:46:47;0,0;0,0;0,0;0,0;0,0;0,0;0,0;0,0;0;
15:46:47;0,0;0,0;0,0;0,0;0,0;0,0;0,0;0,0;0;
15:46:48;0,0;0,0;0,0;0,0;0,0;0,0;0,0;0,0;0;
15:46:48;0,0;0,0;0,0;0,0;0,0;0,0;0,0;0,0;0;
15:46:49;0,0;0,0;0,0;0,0;0,0;0,0;0,0;0,0;0;
15:46:49;0,0;0,0;0,0;0,0;0,0;0,0;0,0;0,0;0;
15:46:50;0,0;0,0;0,0;0,0;0,0;0,0;0,0;0,0;0;
15:46:50;0,0;0,0;0,0;0,0;0,0;0,0;0,0;0,0;0;
15:46:51;0,0;0,0;0,0;0,0;0,0;0,0;0,0;0,0;0;
15:46:51;0,0;0,0;0,0;0,0;0,0;0,0;0,0;0,0;0;
15:46:52;0,0;0,0;0,0;0,0;0,0;0,0;0,0;0,0;0;
15:46:52;0,0;0,0;0,0;0,0;0,0;0,0;0,0;0,0;0;
15:46:53;0,0;0,0;0,0;0,0;0,0;0,0;0,0;0,0;0;
15:46:53;0,0;0,0;0,0;0,0;0,0;0,0;0,0;0,0;0;
15:46:54;0,0;0,0;0,0;0,0;0,0;0,0;0,0;0,0;0;
15:46:54;0,0;0,0;0,0;0,0;0,0;0,0;0,0;0,0;0;
15:46:55;0,0;0,0;0,0;0,0;0,0;0,0;0,0;0,0;0;
15:46:55;0,0;0,0;0,0;0,0;0,0;0,0;0,0;0,0;0;
15:46:56;0,0;0,0;0,0;0,0;0,0;0,0;0,0;0,0;0;
15:46:56;0,0;0,0;0,0;0,0;0,0;0,0;0,0;0,0;0;
15:46:57;0,0;0,0;0,0;0,0;0,0;0,0;0,0;0,0;0;
15:46:57;0,0;0,0;0,0;0,0;0,0;0,0;0,0;0,0;0;
15:46:58;0,0;0,0;0,0;0,0;0,0;0,0;0,0;0,0;0;
15:46:58;0,0;0,0;0,0;0,0;0,0;0,0;0,0;0,0;0;
15:46:59;0,0;0,0;0,0;0,0;0,0;0,0;0,0;0,0;0;
15:46:59;0,0;0,0;0,0;0,0;0,0;0,0;0,0;0,0;0;
15:47:00;0,0;0,0;0,0;0,0;0,0;0,0;0,0;0,0;0;
15:47:00;0,0;0,0;0,0;0,0;0,0;0,0;0,0;0,0;0;
15:47:01;0,0;0,0;0,0;0,0;0,0;0,0;0,0;0,0;0;
15:47:01;0,0;0,0;0,0;0,0;0,0;0,0;0,0;0,0;0;
15:47:02;0,0;0,0;0,0;0,0;0,0;0,0;0,0;0,0;0;
15:47:02;0,0;0,0;0,0;0,0;0,0;0,0;0,0;0,0;0;
15:47:03;0,0;0,0;0,0;0,0;0,0;0,0;0,0;0,0;0;
15:47:03;0,0;0,0;0,0;0,0;0,0;0,0;0,0;0,0;0;
15:47:04;0,0;0,0;0,0;0,0;0,0;0,0;0,0;0,0;0;
15:47:04;0,0;0,0;0,0;0,0;0,0;0,0;0,0;0,0;0;
15:47:05;0,0;0,0;0,0;0,0;0,0;0,0;0,0;0,0;0;
15:47:05;0,0;0,0;0,0;0,0;0,0;0,0;0,0;0,0;0;
15:47:06;0,0;0,0;0,0;0,0;0,0;0,0;0,0;0,0;0;
15:47:06;0,0;0,0;0,0;0,0;0,0;0,0;0,0;0,0;0;
15:47:07;0,0;0,0;0,0;0,0;0,0;0,0;0,0;0,0;0;
15:47:08;0,0;0,0;0,0;0,0;0,0;0,0;0,0;0,0;0;
15:47:08;0,0;0,0;0,0;0,0;0,0;0,0;0,0;0,0;0;
15:47:09;0,0;0,0;0,0;0,0;0,0;0,0;0,0;0,0;0;
15:47:09;0,0;0,0;0,0;0,0;0,0;0,0;0,0;0,0;0;
15:47:10;0,0;0,0;0,0;0,0;0,0;0,0;0,0;0,0;0;
15:49:00;0,0;0,0;0,0;0,0;0,0;0,0;0,0;0,0;0;
15:49:00;0,0;0,0;0,0;0,0;0,0;0,0;0,0;0,0;0;
15:49:01;0,0;0,0;0,0;0,0;0,0;0,0;0,0;0,0;0;
15:49:01;0,0;0,0;0,0;0,0;0,0;0,0;0,0;0,0;0;
15:49:02;0,0;0,0;0,0;0,0;0,0;0,0;0,0;0,0;0;
15:49:02;0,0;0,0;0,0;0,0;0,0;0,0;0,0;0,0;0;
15:49:03;0,0;0,0;0,0;0,0;0,0;0,0;0,0;0,0;0;
15:49:03;0,0;0,0;0,0;0,0;0,0;0,0;0,0;0,0;0;
15:49:04;0,0;0,0;0,0;0,0;0,0;0,0;0,0;0,0;0;
15:49:04;0,0;0,0;0,0;0,0;0,0;0,0;0,0;0,0;0;
15:49:05;0,0;0,0;0,0;0,0;0,0;0,0;0,0;0,0;0;
15:49:05;0,0;0,0;0,0;0,0;0,0;0,0;0,0;0,0;0;
15:49:06;0,0;0,0;0,0;0,0;0,0;0,0;0,0;0,0;0;
15:49:06;0,0;0,0;0,0;0,0;0,0;0,0;0,0;0,0;0;
15:49:07;0,0;0,0;0,0;0,0;0,0;0,0;0,0;0,0;0;
15:49:07;0,0;0,0;0,0;0,0;0,0;0,0;0,0;0,0;0;
15:49:08;0,0;0,0;0,0;0,0;0,0;0,0;0,0;0,0;0;
15:49:08;0,0;0,0;0,0;0,0;0,0;0,0;0,0;0,0;0;
15:49:09;0,0;0,0;0,0;0,0;0,0;0,0;0,0;0,0;0;
15:49:09;0,0;0,0;0,0;0,0;0,0;0,0;0,0;0,0;0;
15:49:10;0,0;0,0;0,0;0,0;0,0;0,0;0,0;0,0;0;
15:49:10;0,0;0,0;0,0;0,0;0,0;0,0;0,0;0,0;0;
15:49:11;0,0;0,0;0,0;0,0;0,0;0,0;0,0;0,0;0;
15:49:11;0,0;0,0;0,0;0,0;0,0;0,0;0,0;0,0;0;
15:49:12;0,0;0,0;0,0;0,0;0,0;0,0;0,0;0,0;0;
15:49:12;0,0;0,0;0,0;0,0;0,0;0,0;0,0;0,0;0;
15:49:13;0,0;0,0;0,0;0,0;0,0;0,0;0,0;0,0;0;
15:49:13;0,0;0,0;0,0;0,0;0,0;0,0;0,0;0,0;0;
15:49:14;0,0;0,0;0,0;0,0;0,0;0,0;0,0;0,0;0;
15:49:14;0,0;0,0;0,0;0,0;0,0;0,0;0,0;0,0;0;
15:49:15;0,0;0,0;0,0;0,0;0,0;0,0;0,0;0,0;0;
15:49:15;0,0;0,0;0,0;0,0;0,0;0,0;0,0;0,0;0;
15:49:16;0,0;0,0;0,0;0,0;0,0;0,0;0,0;0,0;0;
15:49:16;0,0;0,0;0,0;0,0;0,0;0,0;0,0;0,0;0;
15:49:59;0,0;0,0;0,0;0,0;0,0;0,0;0,0;0,0;0;
15:50:00;0,0;0,0;0,0;0,0;0,0;0,0;0,0;0,0;0;
15:50:00;0,0;0,0;0,0;0,0;0,0;0,0;0,0;0,0;0;
15:50:01;0,0;0,0;0,0;0,0;0,0;0,0;0,0;0,0;0;
15:50:01;0,0;0,0;0,0;0,0;0,0;0,0;0,0;0,0;0;
15:50:02;0,0;0,0;0,0;0,0;0,0;0,0;0,0;0,0;0;
15:50:02;0,0;0,0;0,0;0,0;0,0;0,0;0,0;0,0;0;
15:50:03;0,0;0,0;0,0;0,0;0,0;0,0;0,0;0,0;0;
15:50:03;0,0;0,0;0,0;0,0;0,0;0,0;0,0;0,0;0;
15:50:04;0,0;0,0;0,0;0,0;0,0;0,0;0,0;0,0;0;
15:50:04;0,0;0,0;0,0;0,0;0,0;0,0;0,0;0,0;0;
15:50:05;0,0;0,0;0,0;0,0;0,0;0,0;0,0;0,0;0;
15:50:05;0,0;0,0;0,0;0,0;0,0;0,0;0,0;0,0;0;
15:50:06;0,0;0,0;0,0;0,0;0,0;0,0;0,0;0,0;0;
15:50:07;0,0;0,0;0,0;0,0;0,0;0,0;0,0;0,0;0;
15:50:07;0,0;0,0;0,0;0,0;0,0;0,0;0,0;0,0;0;
15:50:08;0,0;0,0;0,0;0,0;0,0;0,0;0,0;0,0;0;
15:50:08;0,0;0,0;0,0;0,0;0,0;0,0;0,0;0,0;0;
15:50:09;0,0;0,0;0,0;0,0;0,0;0,0;0,0;0,0;0;
15:50:09;0,0;0,0;0,0;0,0;0,0;0,0;0,0;0,0;0;
15:50:10;0,0;0,0;0,0;0,0;0,0;0,0;0,0;0,0;0;
15:50:10;0,0;0,0;0,0;0,0;0,0;0,0;0,0;0,0;0;
15:50:11;0,0;0,0;0,0;0,0;0,0;0,0;0,0;0,0;0;
15:50:11;0,0;0,0;0,0;0,0;0,0;0,0;0,0;0,0;0;
15:50:12;0,0;0,0;0,0;0,0;0,0;0,0;0,0;0,0;0;
15:50:12;0,0;0,0;0,0;0,0;0,0;0,0;0,0;0,0;0;
15:50:13;0,0;0,0;0,0;0,0;0,0;0,0;0,0;0,0;0;
15:50:13;0,0;0,0;0,0;0,0;0,0;0,0;0,0;0,0;0;
15:50:14;0,0;0,0;0,0;0,0;0,0;0,0;0,0;0,0;0;
15:50:14;0,0;0,0;0,0;0,0;0,0;0,0;0,0;0,0;0;
15:50:15;0,0;0,0;0,0;0,0;0,0;0,0;0,0;0,0;0;
15:50:15;0,0;0,0;0,0;0,0;0,0;0,0;0,0;0,0;0;
15:50:16;0,0;0,0;0,0;0,0;0,0;0,0;0,0;0,0;0;
15:50:16;0,0;0,0;0,0;0,0;0,0;0,0;0,0;0,0;0;
15:50:17;0,0;0,0;0,0;0,0;0,0;0,0;0,0;0,0;0;
15:50:17;0,0;0,0;0,0;0,0;0,0;0,0;0,0;0,0;0;
15:50:18;0,0;0,0;0,0;0,0;0,0;0,0;0,0;0,0;0;
15:50:18;0,0;0,0;0,0;0,0;0,0;0,0;0,0;0,0;0;
15:50:19;0,0;0,0;0,0;0,0;0,0;0,0;0,0;0,0;0;
15:50:19;0,0;0,0;0,0;0,0;0,0;0,0;0,0;0,0;0;
15:50:20;0,0;0,0;0,0;0,0;0,0;0,0;0,0;0,0;0;
15:50:20;0,0;0,0;0,0;0,0;0,0;0,0;0,0;0,0;0;
15:50:21;0,0;0,0;0,0;0,0;0,0;0,0;0,0;0,0;0;
15:50:21;0,0;0,0;0,0;0,0;0,0;0,0;0,0;0,0;0;
15:50:22;0,0;0,0;0,0;0,0;0,0;0,0;0,0;0,0;0;
15:50:22;0,0;0,0;0,0;0,0;0,0;0,0;0,0;0,0;0;
15:50:23;0,0;0,0;0,0;0,0;0,0;0,0;0,0;0,0;0;
15:50:23;0,0;0,0;0,0;0,0;0,0;0,0;0,0;0,0;0;
15:50:24;0,0;0,0;0,0;0,0;0,0;0,0;0,0;0,0;0;
15:50:24;0,0;0,0;0,0;0,0;0,0;0,0;0,0;0,0;0;
15:50:25;0,0;0,0;0,0;0,0;0,0;0,0;0,0;0,0;0;
15:50:25;0,0;0,0;0,0;0,0;0,0;0,0;0,0;0,0;0;
15:50:26;0,0;0,0;0,0;0,0;0,0;0,0;0,0;0,0;0;
15:50:26;0,0;0,0;0,0;0,0;0,0;0,0;0,0;0,0;0;
15:50:27;0,0;0,0;0,0;0,0;0,0;0,0;0,0;0,0;0;
15:50:27;0,0;0,0;0,0;0,0;0,0;0,0;0,0;0,0;0;
15:50:28;0,0;0,0;0,0;0,0;0,0;0,0;0,0;0,0;0;
15:50:28;0,0;0,0;0,0;0,0;0,0;0,0;0,0;0,0;0;
15:50:29;0,0;0,0;0,0;0,0;0,0;0,0;0,0;0,0;0;
15:50:29;0,0;0,0;0,0;0,0;0,0;0,0;0,0;0,0;0;
15:50:30;0,0;0,0;0,0;0,0;0,0;0,0;0,0;0,0;0;
15:50:30;0,0;0,0;0,0;0,0;0,0;0,0;0,0;0,0;0;
15:50:31;0,0;0,0;0,0;0,0;0,0;0,0;0,0;0,0;0;
15:50:31;0,0;0,0;0,0;0,0;0,0;0,0;0,0;0,0;0;
15:50:32;0,0;0,0;0,0;0,0;0,0;0,0;0,0;0,0;0;
15:50:32;0,0;0,0;0,0;0,0;0,0;0,0;0,0;0,0;0;
15:50:33;0,0;0,0;0,0;0,0;0,0;0,0;0,0;0,0;0;
15:50:33;0,0;0,0;0,0;0,0;0,0;0,0;0,0;0,0;0;
15:50:34;0,0;0,0;0,0;0,0;0,0;0,0;0,0;0,0;0;
15:50:34;0,0;0,0;0,0;0,0;0,0;0,0;0,0;0,0;0;
15:50:35;0,0;0,0;0,0;0,0;0,0;0,0;0,0;0,0;0;
15:50:35;0,0;0,0;0,0;0,0;0,0;0,0;0,0;0,0;0;
15:50:36;0,0;0,0;0,0;0,0;0,0;0,0;0,0;0,0;0;
15:50:36;0,0;0,0;0,0;0,0;0,0;0,0;0,0;0,0;0;
15:50:37;0,0;0,0;0,0;0,0;0,0;0,0;0,0;0,0;0;
15:50:37;0,0;0,0;0,0;0,0;0,0;0,0;0,0;0,0;0;
15:50:38;0,0;0,0;0,0;0,0;0,0;0,0;0,0;0,0;0;
15:50:38;0,0;0,0;0,0;0,0;0,0;0,0;0,0;0,0;0;
15:50:39;0,0;0,0;0,0;0,0;0,0;0,0;0,0;0,0;0;
15:50:39;0,0;0,0;0,0;0,0;0,0;0,0;0,0;0,0;0;
15:50:40;0,0;0,0;0,0;0,0;0,0;0,0;0,0;0,0;0;
15:50:40;0,0;0,0;0,0;0,0;0,0;0,0;0,0;0,0;0;
15:50:41;0,0;0,0;0,0;0,0;0,0;0,0;0,0;0,0;0;
15:50:42;0,0;0,0;0,0;0,0;0,0;0,0;0,0;0,0;0;
15:50:42;0,0;0,0;0,0;0,0;0,0;0,0;0,0;0,0;0;
15:50:43;0,0;0,0;0,0;0,0;0,0;0,0;0,0;0,0;0;
15:50:43;0,0;0,0;0,0;0,0;0,0;0,0;0,0;0,0;0;
15:50:44;0,0;0,0;0,0;0,0;0,0;0,0;0,0;0,0;0;
15:50:44;0,0;0,0;0,0;0,0;0,0;0,0;0,0;0,0;0;
15:50:45;0,0;0,0;0,0;0,0;0,0;0,0;0,0;0,0;0;
15:50:45;0,0;0,0;0,0;0,0;0,0;0,0;0,0;0,0;0;
15:50:46;0,0;0,0;0,0;0,0;0,0;0,0;0,0;0,0;0;
15:50:46;0,0;0,0;0,0;0,0;0,0;0,0;0,0;0,0;0;
15:50:47;0,0;0,0;0,0;0,0;0,0;0,0;0,0;0,0;0;
15:50:47;0,0;0,0;0,0;0,0;0,0;0,0;0,0;0,0;0;
15:50:48;0,0;0,0;0,0;0,0;0,0;0,0;0,0;0,0;0;
15:50:48;0,0;0,0;0,0;0,0;0,0;0,0;0,0;0,0;0;
15:50:49;0,0;0,0;0,0;0,0;0,0;0,0;0,0;0,0;0;
15:50:49;0,0;0,0;0,0;0,0;0,0;0,0;0,0;0,0;0;
15:50:50;0,0;0,0;0,0;0,0;0,0;0,0;0,0;0,0;0;
15:50:50;0,0;0,0;0,0;0,0;0,0;0,0;0,0;0,0;0;
15:50:51;0,0;0,0;0,0;0,0;0,0;0,0;0,0;0,0;0;
15:50:51;0,0;0,0;0,0;0,0;0,0;0,0;0,0;0,0;0;
15:50:52;0,0;0,0;0,0;0,0;0,0;0,0;0,0;0,0;0;
15:50:52;0,0;0,0;0,0;0,0;0,0;0,0;0,0;0,0;0;
15:50:53;0,0;0,0;0,0;0,0;0,0;0,0;0,0;0,0;0;
15:50:53;0,0;0,0;0,0;0,0;0,0;0,0;0,0;0,0;0;
15:50:54;0,0;0,0;0,0;0,0;0,0;0,0;0,0;0,0;0;
15:50:54;0,0;0,0;0,0;0,0;0,0;0,0;0,0;0,0;0;
15:50:55;0,0;0,0;0,0;0,0;0,0;0,0;0,0;0,0;0;
15:50:55;0,0;0,0;0,0;0,0;0,0;0,0;0,0;0,0;0;
15:50:56;0,0;0,0;0,0;0,0;0,0;0,0;0,0;0,0;0;
15:50:56;0,0;0,0;0,0;0,0;0,0;0,0;0,0;0,0;0;
15:50:57;0,0;0,0;0,0;0,0;0,0;0,0;0,0;0,0;0;
15:50:57;0,0;0,0;0,0;0,0;0,0;0,0;0,0;0,0;0;
15:50:58;0,0;0,0;0,0;0,0;0,0;0,0;0,0;0,0;0;
15:50:58;0,0;0,0;0,0;0,0;0,0;0,0;0,0;0,0;0;
15:50:59;0,0;0,0;0,0;0,0;0,0;0,0;0,0;0,0;0;
15:50:59;0,0;0,0;0,0;0,0;0,0;0,0;0,0;0,0;0;
15:51:00;0,0;0,0;0,0;0,0;0,0;0,0;0,0;0,0;0;
15:51:00;0,0;0,0;0,0;0,0;0,0;0,0;0,0;0,0;0;
15:51:01;0,0;0,0;0,0;0,0;0,0;0,0;0,0;0,0;0;
15:51:01;0,0;0,0;0,0;0,0;0,0;0,0;0,0;0,0;0;
15:51:02;0,0;0,0;0,0;0,0;0,0;0,0;0,0;0,0;0;
15:51:02;0,0;0,0;0,0;0,0;0,0;0,0;0,0;0,0;0;
15:51:03;0,0;0,0;0,0;0,0;0,0;0,0;0,0;0,0;0;
15:51:03;0,0;0,0;0,0;0,0;0,0;0,0;0,0;0,0;0;
15:51:04;0,0;0,0;0,0;0,0;0,0;0,0;0,0;0,0;0;
15:51:04;0,0;0,0;0,0;0,0;0,0;0,0;0,0;0,0;0;
15:51:05;0,0;0,0;0,0;0,0;0,0;0,0;0,0;0,0;0;
15:51:05;0,0;0,0;0,0;0,0;0,0;0,0;0,0;0,0;0;
15:51:06;0,0;0,0;0,0;0,0;0,0;0,0;0,0;0,0;0;
15:51:06;0,0;0,0;0,0;0,0;0,0;0,0;0,0;0,0;0;
15:51:07;0,0;0,0;0,0;0,0;0,0;0,0;0,0;0,0;0;
15:51:07;0,0;0,0;0,0;0,0;0,0;0,0;0,0;0,0;0;
15:51:08;0,0;0,0;0,0;0,0;0,0;0,0;0,0;0,0;0;
15:51:08;0,0;0,0;0,0;0,0;0,0;0,0;0,0;0,0;0;
15:51:09;0,0;0,0;0,0;0,0;0,0;0,0;0,0;0,0;0;
15:51:10;0,0;0,0;0,0;0,0;0,0;0,0;0,0;0,0;0;
15:51:10;0,0;0,0;0,0;0,0;0,0;0,0;0,0;0,0;0;
15:51:10;0,0;0,0;0,0;0,0;0,0;0,0;0,0;0,0;0;
15:51:11;0,0;0,0;0,0;0,0;0,0;0,0;0,0;0,0;0;
15:51:11;0,0;0,0;0,0;0,0;0,0;0,0;0,0;0,0;0;
15:51:12;0,0;0,0;0,0;0,0;0,0;0,0;0,0;0,0;0;
15:51:12;0,0;0,0;0,0;0,0;0,0;0,0;0,0;0,0;0;
15:51:13;0,0;0,0;0,0;0,0;0,0;0,0;0,0;0,0;0;
15:51:13;0,0;0,0;0,0;0,0;0,0;0,0;0,0;0,0;0;
15:51:14;0,0;0,0;0,0;0,0;0,0;0,0;0,0;0,0;0;
15:51:14;0,0;0,0;0,0;0,0;0,0;0,0;0,0;0,0;0;
15:51:15;0,0;0,0;0,0;0,0;0,0;0,0;0,0;0,0;0;
15:51:15;0,0;0,0;0,0;0,0;0,0;0,0;0,0;0,0;0;
15:51:16;0,0;0,0;0,0;0,0;0,0;0,0;0,0;0,0;0;
15:51:17;0,0;0,0;0,0;0,0;0,0;0,0;0,0;0,0;0;
15:51:17;0,0;0,0;0,0;0,0;0,0;0,0;0,0;0,0;0;
15:51:18;0,0;0,0;0,0;0,0;0,0;0,0;0,0;0,0;0;
15:51:18;0,0;0,0;0,0;0,0;0,0;0,0;0,0;0,0;0;
15:51:19;0,0;0,0;0,0;0,0;0,0;0,0;0,0;0,0;0;
15:51:19;0,0;0,0;0,0;0,0;0,0;0,0;0,0;0,0;0;
15:51:20;0,0;0,0;0,0;0,0;0,0;0,0;0,0;0,0;0;
15:51:20;0,0;0,0;0,0;0,0;0,0;0,0;0,0;0,0;0;
15:51:21;0,0;0,0;0,0;0,0;0,0;0,0;0,0;0,0;0;
15:51:21;0,0;0,0;0,0;0,0;0,0;0,0;0,0;0,0;0;
15:51:22;0,0;0,0;0,0;0,0;0,0;0,0;0,0;0,0;0;
15:51:22;0,0;0,0;0,0;0,0;0,0;0,0;0,0;0,0;0;
15:51:23;0,0;0,0;0,0;0,0;0,0;0,0;0,0;0,0;0;
15:51:23;0,0;0,0;0,0;0,0;0,0;0,0;0,0;0,0;0;
15:51:24;0,0;0,0;0,0;0,0;0,0;0,0;0,0;0,0;0;
15:51:24;0,0;0,0;0,0;0,0;0,0;0,0;0,0;0,0;0;
15:51:25;0,0;0,0;0,0;0,0;0,0;0,0;0,0;0,0;0;
15:51:25;0,0;0,0;0,0;0,0;0,0;0,0;0,0;0,0;0;
15:51:26;0,0;0,0;0,0;0,0;0,0;0,0;0,0;0,0;0;
15:51:26;0,0;0,0;0,0;0,0;0,0;0,0;0,0;0,0;0;
15:51:27;0,0;0,0;0,0;0,0;0,0;0,0;0,0;0,0;0;
15:51:27;0,0;0,0;0,0;0,0;0,0;0,0;0,0;0,0;0;
15:51:28;0,0;0,0;0,0;0,0;0,0;0,0;0,0;0,0;0;
15:51:28;0,0;0,0;0,0;0,0;0,0;0,0;0,0;0,0;0;
15:51:29;0,0;0,0;0,0;0,0;0,0;0,0;0,0;0,0;0;
15:51:29;0,0;0,0;0,0;0,0;0,0;0,0;0,0;0,0;0;
15:51:30;0,0;0,0;0,0;0,0;0,0;0,0;0,0;0,0;0;
15:51:30;0,0;0,0;0,0;0,0;0,0;0,0;0,0;0,0;0;
15:51:31;0,0;0,0;0,0;0,0;0,0;0,0;0,0;0,0;0;
15:51:31;0,0;0,0;0,0;0,0;0,0;0,0;0,0;0,0;0;
15:51:32;0,0;0,0;0,0;0,0;0,0;0,0;0,0;0,0;0;
15:51:32;0,0;0,0;0,0;0,0;0,0;0,0;0,0;0,0;0;
15:51:33;0,0;0,0;0,0;0,0;0,0;0,0;0,0;0,0;0;
15:51:33;0,0;0,0;0,0;0,0;0,0;0,0;0,0;0,0;0;
15:51:34;0,0;0,0;0,0;0,0;0,0;0,0;0,0;0,0;0;
15:51:34;0,0;0,0;0,0;0,0;0,0;0,0;0,0;0,0;0;
15:51:35;0,0;0,0;0,0;0,0;0,0;0,0;0,0;0,0;0;
15:51:35;0,0;0,0;0,0;0,0;0,0;0,0;0,0;0,0;0;
15:51:36;0,0;0,0;0,0;0,0;0,0;0,0;0,0;0,0;0;
15:51:36;0,0;0,0;0,0;0,0;0,0;0,0;0,0;0,0;0;
15:51:37;0,0;0,0;0,0;0,0;0,0;0,0;0,0;0,0;0;
15:51:37;0,0;0,0;0,0;0,0;0,0;0,0;0,0;0,0;0;
15:51:38;0,0;0,0;0,0;0,0;0,0;0,0;0,0;0,0;0;
15:51:38;0,0;0,0;0,0;0,0;0,0;0,0;0,0;0,0;0;
15:51:39;0,0;0,0;0,0;0,0;0,0;0,0;0,0;0,0;0;
15:51:39;0,0;0,0;0,0;0,0;0,0;0,0;0,0;0,0;0;
15:51:40;0,0;0,0;0,0;0,0;0,0;0,0;0,0;0,0;0;
15:51:40;0,0;0,0;0,0;0,0;0,0;0,0;0,0;0,0;0;
15:51:41;0,0;0,0;0,0;0,0;0,0;0,0;0,0;0,0;0;
15:51:41;0,0;0,0;0,0;0,0;0,0;0,0;0,0;0,0;0;
15:51:42;0,0;0,0;0,0;0,0;0,0;0,0;0,0;0,0;0;
15:51:42;0,0;0,0;0,0;0,0;0,0;0,0;0,0;0,0;0;
15:51:43;0,0;0,0;0,0;0,0;0,0;0,0;0,0;0,0;0;
15:51:43;0,0;0,0;0,0;0,0;0,0;0,0;0,0;0,0;0;
15:51:44;0,0;0,0;0,0;0,0;0,0;0,0;0,0;0,0;0;
15:51:44;0,0;0,0;0,0;0,0;0,0;0,0;0,0;0,0;0;
15:51:45;0,0;0,0;0,0;0,0;0,0;0,0;0,0;0,0;0;
15:51:45;0,0;0,0;0,0;0,0;0,0;0,0;0,0;0,0;0;
15:51:46;0,0;0,0;0,0;0,0;0,0;0,0;0,0;0,0;0;
15:51:46;0,0;0,0;0,0;0,0;0,0;0,0;0,0;0,0;0;
15:51:47;0,0;0,0;0,0;0,0;0,0;0,0;0,0;0,0;0;
15:51:47;0,0;0,0;0,0;0,0;0,0;0,0;0,0;0,0;0;
15:51:48;0,0;0,0;0,0;0,0;0,0;0,0;0,0;0,0;0;
15:51:48;0,0;0,0;0,0;0,0;0,0;0,0;0,0;0,0;0;
15:51:49;0,0;0,0;0,0;0,0;0,0;0,0;0,0;0,0;0;
15:51:49;0,0;0,0;0,0;0,0;0,0;0,0;0,0;0,0;0;
15:51:50;0,0;0,0;0,0;0,0;0,0;0,0;0,0;0,0;0;
15:51:50;0,0;0,0;0,0;0,0;0,0;0,0;0,0;0,0;0;
15:51:51;0,0;0,0;0,0;0,0;0,0;0,0;0,0;0,0;0;
15:51:52;0,0;0,0;0,0;0,0;0,0;0,0;0,0;0,0;0;
15:51:52;0,0;0,0;0,0;0,0;0,0;0,0;0,0;0,0;0;
15:51:53;0,0;0,0;0,0;0,0;0,0;0,0;0,0;0,0;0;
15:51:53;0,0;0,0;0,0;0,0;0,0;0,0;0,0;0,0;0;
15:51:54;0,0;0,0;0,0;0,0;0,0;0,0;0,0;0,0;0;
15:51:54;0,0;0,0;0,0;0,0;0,0;0,0;0,0;0,0;0;
15:51:55;0,0;0,0;0,0;0,0;0,0;0,0;0,0;0,0;0;
15:51:55;0,0;0,0;0,0;0,0;0,0;0,0;0,0;0,0;0;
15:51:56;0,0;0,0;0,0;0,0;0,0;0,0;0,0;0,0;0;
15:51:56;0,0;0,0;0,0;0,0;0,0;0,0;0,0;0,0;0;
15:51:57;0,0;0,0;0,0;0,0;0,0;0,0;0,0;0,0;0;
15:51:57;0,0;0,0;0,0;0,0;0,0;0,0;0,0;0,0;0;
15:51:58;0,0;0,0;0,0;0,0;0,0;0,0;0,0;0,0;0;
15:51:58;0,0;0,0;0,0;0,0;0,0;0,0;0,0;0,0;0;
15:51:59;0,0;0,0;0,0;0,0;0,0;0,0;0,0;0,0;0;
15:51:59;0,0;0,0;0,0;0,0;0,0;0,0;0,0;0,0;0;
15:52:00;0,0;0,0;0,0;0,0;0,0;0,0;0,0;0,0;0;
15:52:00;0,0;0,0;0,0;0,0;0,0;0,0;0,0;0,0;0;
15:52:01;0,0;0,0;0,0;0,0;0,0;0,0;0,0;0,0;0;
15:52:01;0,0;0,0;0,0;0,0;0,0;0,0;0,0;0,0;0;
15:52:02;0,0;0,0;0,0;0,0;0,0;0,0;0,0;0,0;0;
15:52:02;0,0;0,0;0,0;0,0;0,0;0,0;0,0;0,0;0;
15:52:03;0,0;0,0;0,0;0,0;0,0;0,0;0,0;0,0;0;
15:52:03;0,0;0,0;0,0;0,0;0,0;0,0;0,0;0,0;0;
15:52:04;0,0;0,0;0,0;0,0;0,0;0,0;0,0;0,0;0;
15:52:04;0,0;0,0;0,0;0,0;0,0;0,0;0,0;0,0;0;
15:52:05;0,0;0,0;0,0;0,0;0,0;0,0;0,0;0,0;0;
15:52:05;0,0;0,0;0,0;0,0;0,0;0,0;0,0;0,0;0;
15:52:06;0,0;0,0;0,0;0,0;0,0;0,0;0,0;0,0;0;
15:52:06;0,0;0,0;0,0;0,0;0,0;0,0;0,0;0,0;0;
15:52:07;0,0;0,0;0,0;0,0;0,0;0,0;0,0;0,0;0;
15:52:07;0,0;0,0;0,0;0,0;0,0;0,0;0,0;0,0;0;
15:52:08;0,0;0,0;0,0;0,0;0,0;0,0;0,0;0,0;0;
15:52:08;0,0;0,0;0,0;0,0;0,0;0,0;0,0;0,0;0;
15:52:09;0,0;0,0;0,0;0,0;0,0;0,0;0,0;0,0;0;
15:52:09;0,0;0,0;0,0;0,0;0,0;0,0;0,0;0,0;0;
15:52:10;0,0;0,0;0,0;0,0;0,0;0,0;0,0;0,0;0;
15:52:10;0,0;0,0;0,0;0,0;0,0;0,0;0,0;0,0;0;
15:52:11;0,0;0,0;0,0;0,0;0,0;0,0;0,0;0,0;0;
15:52:11;0,0;0,0;0,0;0,0;0,0;0,0;0,0;0,0;0;
15:52:12;0,0;0,0;0,0;0,0;0,0;0,0;0,0;0,0;0;
15:52:12;0,0;0,0;0,0;0,0;0,0;0,0;0,0;0,0;0;
15:52:13;0,0;0,0;0,0;0,0;0,0;0,0;0,0;0,0;0;
15:52:13;0,0;0,0;0,0;0,0;0,0;0,0;0,0;0,0;0;
15:52:14;0,0;0,0;0,0;0,0;0,0;0,0;0,0;0,0;0;
15:52:14;0,0;0,0;0,0;0,0;0,0;0,0;0,0;0,0;0;
15:52:15;0,0;0,0;0,0;0,0;0,0;0,0;0,0;0,0;0;
15:52:15;0,0;0,0;0,0;0,0;0,0;0,0;0,0;0,0;0;
15:52:16;0,0;0,0;0,0;0,0;0,0;0,0;0,0;0,0;0;
15:52:16;0,0;0,0;0,0;0,0;0,0;0,0;0,0;0,0;0;
15:52:17;0,0;0,0;0,0;0,0;0,0;0,0;0,0;0,0;0;
15:52:17;0,0;0,0;0,0;0,0;0,0;0,0;0,0;0,0;0;
15:52:18;0,0;0,0;0,0;0,0;0,0;0,0;0,0;0,0;0;
15:52:18;0,0;0,0;0,0;0,0;0,0;0,0;0,0;0,0;0;
15:52:19;0,0;0,0;0,0;0,0;0,0;0,0;0,0;0,0;0;
15:52:19;0,0;0,0;0,0;0,0;0,0;0,0;0,0;0,0;0;
15:52:20;0,0;0,0;0,0;0,0;0,0;0,0;0,0;0,0;0;
15:52:20;0,0;0,0;0,0;0,0;0,0;0,0;0,0;0,0;0;
15:52:21;0,0;0,0;0,0;0,0;0,0;0,0;0,0;0,0;0;
15:52:21;0,0;0,0;0,0;0,0;0,0;0,0;0,0;0,0;0;
15:52:22;0,0;0,0;0,0;0,0;0,0;0,0;0,0;0,0;0;
15:52:22;0,0;0,0;0,0;0,0;0,0;0,0;0,0;0,0;0;
15:52:23;0,0;0,0;0,0;0,0;0,0;0,0;0,0;0,0;0;
15:52:23;0,0;0,0;0,0;0,0;0,0;0,0;0,0;0,0;0;
15:52:24;0,0;0,0;0,0;0,0;0,0;0,0;0,0;0,0;0;
15:52:24;0,0;0,0;0,0;0,0;0,0;0,0;0,0;0,0;0;
15:52:25;0,0;0,0;0,0;0,0;0,0;0,0;0,0;0,0;0;
15:52:25;0,0;0,0;0,0;0,0;0,0;0,0;0,0;0,0;0;
15:52:26;0,0;0,0;0,0;0,0;0,0;0,0;0,0;0,0;0;
15:52:26;0,0;0,0;0,0;0,0;0,0;0,0;0,0;0,0;0;
15:52:27;0,0;0,0;0,0;0,0;0,0;0,0;0,0;0,0;0;
15:52:28;0,0;0,0;0,0;0,0;0,0;0,0;0,0;0,0;0;
15:52:28;0,0;0,0;0,0;0,0;0,0;0,0;0,0;0,0;0;
15:52:29;0,0;0,0;0,0;0,0;0,0;0,0;0,0;0,0;0;
15:52:29;0,0;0,0;0,0;0,0;0,0;0,0;0,0;0,0;0;
15:52:30;0,0;0,0;0,0;0,0;0,0;0,0;0,0;0,0;0;
15:52:30;0,0;0,0;0,0;0,0;0,0;0,0;0,0;0,0;0;
15:52:31;0,0;0,0;0,0;0,0;0,0;0,0;0,0;0,0;0;
15:52:31;0,0;0,0;0,0;0,0;0,0;0,0;0,0;0,0;0;
15:52:32;0,0;0,0;0,0;0,0;0,0;0,0;0,0;0,0;0;
15:52:32;0,0;0,0;0,0;0,0;0,0;0,0;0,0;0,0;0;
15:52:33;0,0;0,0;0,0;0,0;0,0;0,0;0,0;0,0;0;
15:52:33;0,0;0,0;0,0;0,0;0,0;0,0;0,0;0,0;0;
15:52:34;0,0;0,0;0,0;0,0;0,0;0,0;0,0;0,0;0;
15:52:34;0,0;0,0;0,0;0,0;0,0;0,0;0,0;0,0;0;
15:52:35;0,0;0,0;0,0;0,0;0,0;0,0;0,0;0,0;0;
15:52:35;0,0;0,0;0,0;0,0;0,0;0,0;0,0;0,0;0;
15:52:36;0,0;0,0;0,0;0,0;0,0;0,0;0,0;0,0;0;
15:52:36;0,0;0,0;0,0;0,0;0,0;0,0;0,0;0,0;0;
15:52:37;0,0;0,0;0,0;0,0;0,0;0,0;0,0;0,0;0;
15:52:37;0,0;0,0;0,0;0,0;0,0;0,0;0,0;0,0;0;
15:52:38;0,0;0,0;0,0;0,0;0,0;0,0;0,0;0,0;0;
15:52:38;0,0;0,0;0,0;0,0;0,0;0,0;0,0;0,0;0;
15:52:39;0,0;0,0;0,0;0,0;0,0;0,0;0,0;0,0;0;
15:52:39;0,0;0,0;0,0;0,0;0,0;0,0;0,0;0,0;0;
15:52:40;0,0;0,0;0,0;0,0;0,0;0,0;0,0;0,0;0;
15:52:40;0,0;0,0;0,0;0,0;0,0;0,0;0,0;0,0;0;
15:52:41;0,0;0,0;0,0;0,0;0,0;0,0;0,0;0,0;0;
15:52:41;0,0;0,0;0,0;0,0;0,0;0,0;0,0;0,0;0;
15:52:42;0,0;0,0;0,0;0,0;0,0;0,0;0,0;0,0;0;
15:52:42;0,0;0,0;0,0;0,0;0,0;0,0;0,0;0,0;0;
15:52:43;0,0;0,0;0,0;0,0;0,0;0,0;0,0;0,0;0;
15:52:43;0,0;0,0;0,0;0,0;0,0;0,0;0,0;0,0;0;
15:52:44;0,0;0,0;0,0;0,0;0,0;0,0;0,0;0,0;0;
15:52:44;0,0;0,0;0,0;0,0;0,0;0,0;0,0;0,0;0;
15:52:45;0,0;0,0;0,0;0,0;0,0;0,0;0,0;0,0;0;
15:52:45;0,0;0,0;0,0;0,0;0,0;0,0;0,0;0,0;0;
15:52:46;0,0;0,0;0,0;0,0;0,0;0,0;0,0;0,0;0;
15:52:46;0,0;0,0;0,0;0,0;0,0;0,0;0,0;0,0;0;
15:52:47;0,0;0,0;0,0;0,0;0,0;0,0;0,0;0,0;0;
15:52:47;0,0;0,0;0,0;0,0;0,0;0,0;0,0;0,0;0;
15:52:48;0,0;0,0;0,0;0,0;0,0;0,0;0,0;0,0;0;
15:52:48;0,0;0,0;0,0;0,0;0,0;0,0;0,0;0,0;0;
15:52:49;0,0;0,0;0,0;0,0;0,0;0,0;0,0;0,0;0;
15:52:49;0,0;0,0;0,0;0,0;0,0;0,0;0,0;0,0;0;
15:52:50;0,0;0,0;0,0;0,0;0,0;0,0;0,0;0,0;0;
15:52:50;0,0;0,0;0,0;0,0;0,0;0,0;0,0;0,0;0;
15:52:51;0,0;0,0;0,0;0,0;0,0;0,0;0,0;0,0;0;
15:52:51;0,0;0,0;0,0;0,0;0,0;0,0;0,0;0,0;0;
15:52:52;0,0;0,0;0,0;0,0;0,0;0,0;0,0;0,0;0;
15:52:52;0,0;0,0;0,0;0,0;0,0;0,0;0,0;0,0;0;
15:52:53;0,0;0,0;0,0;0,0;0,0;0,0;0,0;0,0;0;
15:52:53;0,0;0,0;0,0;0,0;0,0;0,0;0,0;0,0;0;
15:52:54;0,0;0,0;0,0;0,0;0,0;0,0;0,0;0,0;0;
15:52:54;0,0;0,0;0,0;0,0;0,0;0,0;0,0;0,0;0;
15:52:55;0,0;0,0;0,0;0,0;0,0;0,0;0,0;0,0;0;
15:52:55;0,0;0,0;0,0;0,0;0,0;0,0;0,0;0,0;0;
15:52:56;0,0;0,0;0,0;0,0;0,0;0,0;0,0;0,0;0;
15:52:56;0,0;0,0;0,0;0,0;0,0;0,0;0,0;0,0;0;
15:52:57;0,0;0,0;0,0;0,0;0,0;0,0;0,0;0,0;0;
15:52:57;0,0;0,0;0,0;0,0;0,0;0,0;0,0;0,0;0;
15:52:58;0,0;0,0;0,0;0,0;0,0;0,0;0,0;0,0;0;
15:52:58;0,0;0,0;0,0;0,0;0,0;0,0;0,0;0,0;0;
15:52:59;0,0;0,0;0,0;0,0;0,0;0,0;0,0;0,0;0;
15:52:59;0,0;0,0;0,0;0,0;0,0;0,0;0,0;0,0;0;
15:53:00;0,0;0,0;0,0;0,0;0,0;0,0;0,0;0,0;0;
15:53:00;0,0;0,0;0,0;0,0;0,0;0,0;0,0;0,0;0;
15:53:01;0,0;0,0;0,0;0,0;0,0;0,0;0,0;0,0;0;
15:53:01;0,0;0,0;0,0;0,0;0,0;0,0;0,0;0,0;0;
15:53:02;0,0;0,0;0,0;0,0;0,0;0,0;0,0;0,0;0;
15:53:02;0,0;0,0;0,0;0,0;0,0;0,0;0,0;0,0;0;
15:53:03;0,0;0,0;0,0;0,0;0,0;0,0;0,0;0,0;0;
15:53:04;0,0;0,0;0,0;0,0;0,0;0,0;0,0;0,0;0;
15:53:04;0,0;0,0;0,0;0,0;0,0;0,0;0,0;0,0;0;
15:53:05;0,0;0,0;0,0;0,0;0,0;0,0;0,0;0,0;0;
15:53:05;0,0;0,0;0,0;0,0;0,0;0,0;0,0;0,0;0;
15:53:06;0,0;0,0;0,0;0,0;0,0;0,0;0,0;0,0;0;
15:53:06;0,0;0,0;0,0;0,0;0,0;0,0;0,0;0,0;0;
15:53:07;0,0;0,0;0,0;0,0;0,0;0,0;0,0;0,0;0;
15:53:07;0,0;0,0;0,0;0,0;0,0;0,0;0,0;0,0;0;
15:53:08;0,0;0,0;0,0;0,0;0,0;0,0;0,0;0,0;0;
15:53:08;0,0;0,0;0,0;0,0;0,0;0,0;0,0;0,0;0;
15:53:09;0,0;0,0;0,0;0,0;0,0;0,0;0,0;0,0;0;
15:53:09;0,0;0,0;0,0;0,0;0,0;0,0;0,0;0,0;0;
15:53:10;0,0;0,0;0,0;0,0;0,0;0,0;0,0;0,0;0;
15:53:10;0,0;0,0;0,0;0,0;0,0;0,0;0,0;0,0;0;
15:53:11;0,0;0,0;0,0;0,0;0,0;0,0;0,0;0,0;0;
15:53:11;0,0;0,0;0,0;0,0;0,0;0,0;0,0;0,0;0;
15:53:12;0,0;0,0;0,0;0,0;0,0;0,0;0,0;0,0;0;
15:53:12;0,0;0,0;0,0;0,0;0,0;0,0;0,0;0,0;0;
15:53:13;0,0;0,0;0,0;0,0;0,0;0,0;0,0;0,0;0;
15:53:13;0,0;0,0;0,0;0,0;0,0;0,0;0,0;0,0;0;
15:53:14;0,0;0,0;0,0;0,0;0,0;0,0;0,0;0,0;0;
15:53:14;0,0;0,0;0,0;0,0;0,0;0,0;0,0;0,0;0;
15:53:15;0,0;0,0;0,0;0,0;0,0;0,0;0,0;0,0;0;
15:53:15;0,0;0,0;0,0;0,0;0,0;0,0;0,0;0,0;0;
15:53:16;0,0;0,0;0,0;0,0;0,0;0,0;0,0;0,0;0;
15:53:16;0,0;0,0;0,0;0,0;0,0;0,0;0,0;0,0;0;
15:53:17;0,0;0,0;0,0;0,0;0,0;0,0;0,0;0,0;0;
15:53:17;0,0;0,0;0,0;0,0;0,0;0,0;0,0;0,0;0;
15:53:18;0,0;0,0;0,0;0,0;0,0;0,0;0,0;0,0;0;
15:53:18;0,0;0,0;0,0;0,0;0,0;0,0;0,0;0,0;0;
15:53:19;0,0;0,0;0,0;0,0;0,0;0,0;0,0;0,0;0;
15:53:19;0,0;0,0;0,0;0,0;0,0;0,0;0,0;0,0;0;
15:53:20;0,0;0,0;0,0;0,0;0,0;0,0;0,0;0,0;0;
15:53:20;0,0;0,0;0,0;0,0;0,0;0,0;0,0;0,0;0;
15:53:21;0,0;0,0;0,0;0,0;0,0;0,0;0,0;0,0;0;
15:53:21;0,0;0,0;0,0;0,0;0,0;0,0;0,0;0,0;0;
15:53:22;0,0;0,0;0,0;0,0;0,0;0,0;0,0;0,0;0;
15:53:22;0,0;0,0;0,0;0,0;0,0;0,0;0,0;0,0;0;
15:53:23;0,0;0,0;0,0;0,0;0,0;0,0;0,0;0,0;0;
15:53:23;0,0;0,0;0,0;0,0;0,0;0,0;0,0;0,0;0;
15:53:24;0,0;0,0;0,0;0,0;0,0;0,0;0,0;0,0;0;
15:53:24;0,0;0,0;0,0;0,0;0,0;0,0;0,0;0,0;0;
15:53:25;0,0;0,0;0,0;0,0;0,0;0,0;0,0;0,0;0;
15:53:25;0,0;0,0;0,0;0,0;0,0;0,0;0,0;0,0;0;
15:53:26;0,0;0,0;0,0;0,0;0,0;0,0;0,0;0,0;0;
15:53:26;0,0;0,0;0,0;0,0;0,0;0,0;0,0;0,0;0;
15:53:27;0,0;0,0;0,0;0,0;0,0;0,0;0,0;0,0;0;
15:53:27;0,0;0,0;0,0;0,0;0,0;0,0;0,0;0,0;0;
15:53:28;0,0;0,0;0,0;0,0;0,0;0,0;0,0;0,0;0;
15:53:28;0,0;0,0;0,0;0,0;0,0;0,0;0,0;0,0;0;
15:53:29;0,0;0,0;0,0;0,0;0,0;0,0;0,0;0,0;0;
15:53:29;0,0;0,0;0,0;0,0;0,0;0,0;0,0;0,0;0;
15:53:30;0,0;0,0;0,0;0,0;0,0;0,0;0,0;0,0;0;
15:53:30;0,0;0,0;0,0;0,0;0,0;0,0;0,0;0,0;0;
15:53:31;0,0;0,0;0,0;0,0;0,0;0,0;0,0;0,0;0;
15:53:31;0,0;0,0;0,0;0,0;0,0;0,0;0,0;0,0;0;
15:53:32;0,0;0,0;0,0;0,0;0,0;0,0;0,0;0,0;0;
15:53:32;0,0;0,0;0,0;0,0;0,0;0,0;0,0;0,0;0;
15:53:33;0,0;0,0;0,0;0,0;0,0;0,0;0,0;0,0;0;
15:53:33;0,0;0,0;0,0;0,0;0,0;0,0;0,0;0,0;0;
15:53:34;0,0;0,0;0,0;0,0;0,0;0,0;0,0;0,0;0;
15:53:35;0,0;0,0;0,0;0,0;0,0;0,0;0,0;0,0;0;
15:53:35;0,0;0,0;0,0;0,0;0,0;0,0;0,0;0,0;0;
15:53:35;0,0;0,0;0,0;0,0;0,0;0,0;0,0;0,0;0;
15:53:36;0,0;0,0;0,0;0,0;0,0;0,0;0,0;0,0;0;
15:53:36;0,0;0,0;0,0;0,0;0,0;0,0;0,0;0,0;0;
15:53:37;0,0;0,0;0,0;0,0;0,0;0,0;0,0;0,0;0;
15:53:37;0,0;0,0;0,0;0,0;0,0;0,0;0,0;0,0;0;
15:53:38;0,0;0,0;0,0;0,0;0,0;0,0;0,0;0,0;0;
15:53:39;0,0;0,0;0,0;0,0;0,0;0,0;0,0;0,0;0;
15:53:39;0,0;0,0;0,0;0,0;0,0;0,0;0,0;0,0;0;
15:53:40;0,0;0,0;0,0;0,0;0,0;0,0;0,0;0,0;0;
15:53:40;0,0;0,0;0,0;0,0;0,0;0,0;0,0;0,0;0;
15:53:41;0,0;0,0;0,0;0,0;0,0;0,0;0,0;0,0;0;
15:53:41;0,0;0,0;0,0;0,0;0,0;0,0;0,0;0,0;0;
15:53:42;0,0;0,0;0,0;0,0;0,0;0,0;0,0;0,0;0;
15:53:42;0,0;0,0;0,0;0,0;0,0;0,0;0,0;0,0;0;
15:53:43;0,0;0,0;0,0;0,0;0,0;0,0;0,0;0,0;0;
15:53:43;0,0;0,0;0,0;0,0;0,0;0,0;0,0;0,0;0;
15:53:44;0,0;0,0;0,0;0,0;0,0;0,0;0,0;0,0;0;
15:53:44;0,0;0,0;0,0;0,0;0,0;0,0;0,0;0,0;0;
15:53:45;0,0;0,0;0,0;0,0;0,0;0,0;0,0;0,0;0;
15:53:45;0,0;0,0;0,0;0,0;0,0;0,0;0,0;0,0;0;
15:53:46;0,0;0,0;0,0;0,0;0,0;0,0;0,0;0,0;0;
15:53:46;0,0;0,0;0,0;0,0;0,0;0,0;0,0;0,0;0;
15:53:47;0,0;0,0;0,0;0,0;0,0;0,0;0,0;0,0;0;
15:53:47;0,0;0,0;0,0;0,0;0,0;0,0;0,0;0,0;0;
15:53:48;0,0;0,0;0,0;0,0;0,0;0,0;0,0;0,0;0;
15:53:48;0,0;0,0;0,0;0,0;0,0;0,0;0,0;0,0;0;
15:53:49;0,0;0,0;0,0;0,0;0,0;0,0;0,0;0,0;0;
15:53:49;0,0;0,0;0,0;0,0;0,0;0,0;0,0;0,0;0;
15:53:50;0,0;0,0;0,0;0,0;0,0;0,0;0,0;0,0;0;
15:53:50;0,0;0,0;0,0;0,0;0,0;0,0;0,0;0,0;0;
15:53:51;0,0;0,0;0,0;0,0;0,0;0,0;0,0;0,0;0;
15:53:51;0,0;0,0;0,0;0,0;0,0;0,0;0,0;0,0;0;
15:53:52;0,0;0,0;0,0;0,0;0,0;0,0;0,0;0,0;0;
15:53:52;0,0;0,0;0,0;0,0;0,0;0,0;0,0;0,0;0;
15:53:53;0,0;0,0;0,0;0,0;0,0;0,0;0,0;0,0;0;
15:53:53;0,0;0,0;0,0;0,0;0,0;0,0;0,0;0,0;0;
15:53:54;0,0;0,0;0,0;0,0;0,0;0,0;0,0;0,0;0;
15:53:54;0,0;0,0;0,0;0,0;0,0;0,0;0,0;0,0;0;
15:53:55;0,0;0,0;0,0;0,0;0,0;0,0;0,0;0,0;0;
15:53:55;0,0;0,0;0,0;0,0;0,0;0,0;0,0;0,0;0;
15:53:56;0,0;0,0;0,0;0,0;0,0;0,0;0,0;0,0;0;
15:53:56;0,0;0,0;0,0;0,0;0,0;0,0;0,0;0,0;0;
15:53:57;0,0;0,0;0,0;0,0;0,0;0,0;0,0;0,0;0;
15:53:57;0,0;0,0;0,0;0,0;0,0;0,0;0,0;0,0;0;
15:53:58;0,0;0,0;0,0;0,0;0,0;0,0;0,0;0,0;0;
15:53:58;0,0;0,0;0,0;0,0;0,0;0,0;0,0;0,0;0;
15:53:59;0,0;0,0;0,0;0,0;0,0;0,0;0,0;0,0;0;
15:53:59;0,0;0,0;0,0;0,0;0,0;0,0;0,0;0,0;0;
15:54:00;0,0;0,0;0,0;0,0;0,0;0,0;0,0;0,0;0;
15:54:00;0,0;0,0;0,0;0,0;0,0;0,0;0,0;0,0;0;
15:54:01;0,0;0,0;0,0;0,0;0,0;0,0;0,0;0,0;0;
15:54:01;0,0;0,0;0,0;0,0;0,0;0,0;0,0;0,0;0;
15:54:02;0,0;0,0;0,0;0,0;0,0;0,0;0,0;0,0;0;
15:54:02;0,0;0,0;0,0;0,0;0,0;0,0;0,0;0,0;0;
15:54:03;0,0;0,0;0,0;0,0;0,0;0,0;0,0;0,0;0;
15:54:03;0,0;0,0;0,0;0,0;0,0;0,0;0,0;0,0;0;
15:54:04;0,0;0,0;0,0;0,0;0,0;0,0;0,0;0,0;0;
15:54:04;0,0;0,0;0,0;0,0;0,0;0,0;0,0;0,0;0;
15:54:05;0,0;0,0;0,0;0,0;0,0;0,0;0,0;0,0;0;
15:54:05;0,0;0,0;0,0;0,0;0,0;0,0;0,0;0,0;0;
15:54:06;0,0;0,0;0,0;0,0;0,0;0,0;0,0;0,0;0;
15:54:06;0,0;0,0;0,0;0,0;0,0;0,0;0,0;0,0;0;
15:54:07;0,0;0,0;0,0;0,0;0,0;0,0;0,0;0,0;0;
15:54:07;0,0;0,0;0,0;0,0;0,0;0,0;0,0;0,0;0;
15:54:08;0,0;0,0;0,0;0,0;0,0;0,0;0,0;0,0;0;
15:54:08;0,0;0,0;0,0;0,0;0,0;0,0;0,0;0,0;0;
15:54:09;0,0;0,0;0,0;0,0;0,0;0,0;0,0;0,0;0;
15:54:09;0,0;0,0;0,0;0,0;0,0;0,0;0,0;0,0;0;
15:54:10;0,0;0,0;0,0;0,0;0,0;0,0;0,0;0,0;0;
15:54:10;0,0;0,0;0,0;0,0;0,0;0,0;0,0;0,0;0;
15:54:11;0,0;0,0;0,0;0,0;0,0;0,0;0,0;0,0;0;
15:54:11;0,0;0,0;0,0;0,0;0,0;0,0;0,0;0,0;0;
15:54:12;0,0;0,0;0,0;0,0;0,0;0,0;0,0;0,0;0;
15:54:12;0,0;0,0;0,0;0,0;0,0;0,0;0,0;0,0;0;
15:54:13;0,0;0,0;0,0;0,0;0,0;0,0;0,0;0,0;0;
15:54:13;0,0;0,0;0,0;0,0;0,0;0,0;0,0;0,0;0;
15:54:14;0,0;0,0;0,0;0,0;0,0;0,0;0,0;0,0;0;
15:54:15;0,0;0,0;0,0;0,0;0,0;0,0;0,0;0,0;0;
15:54:15;0,0;0,0;0,0;0,0;0,0;0,0;0,0;0,0;0;
15:54:16;0,0;0,0;0,0;0,0;0,0;0,0;0,0;0,0;0;
15:54:16;0,0;0,0;0,0;0,0;0,0;0,0;0,0;0,0;0;
15:54:17;0,0;0,0;0,0;0,0;0,0;0,0;0,0;0,0;0;
15:54:17;0,0;0,0;0,0;0,0;0,0;0,0;0,0;0,0;0;
15:54:18;0,0;0,0;0,0;0,0;0,0;0,0;0,0;0,0;0;
15:54:18;0,0;0,0;0,0;0,0;0,0;0,0;0,0;0,0;0;
15:54:19;0,0;0,0;0,0;0,0;0,0;0,0;0,0;0,0;0;
15:54:19;0,0;0,0;0,0;0,0;0,0;0,0;0,0;0,0;0;
15:54:20;0,0;0,0;0,0;0,0;0,0;0,0;0,0;0,0;0;
15:54:20;0,0;0,0;0,0;0,0;0,0;0,0;0,0;0,0;0;
15:54:21;0,0;0,0;0,0;0,0;0,0;0,0;0,0;0,0;0;
15:54:21;0,0;0,0;0,0;0,0;0,0;0,0;0,0;0,0;0;
15:54:22;0,0;0,0;0,0;0,0;0,0;0,0;0,0;0,0;0;
15:54:22;0,0;0,0;0,0;0,0;0,0;0,0;0,0;0,0;0;
15:54:23;0,0;0,0;0,0;0,0;0,0;0,0;0,0;0,0;0;
15:54:23;0,0;0,0;0,0;0,0;0,0;0,0;0,0;0,0;0;
15:54:24;0,0;0,0;0,0;0,0;0,0;0,0;0,0;0,0;0;
15:54:24;0,0;0,0;0,0;0,0;0,0;0,0;0,0;0,0;0;
15:54:25;0,0;0,0;0,0;0,0;0,0;0,0;0,0;0,0;0;
15:54:25;0,0;0,0;0,0;0,0;0,0;0,0;0,0;0,0;0;
15:54:26;0,0;0,0;0,0;0,0;0,0;0,0;0,0;0,0;0;
15:54:26;0,0;0,0;0,0;0,0;0,0;0,0;0,0;0,0;0;
15:54:27;0,0;0,0;0,0;0,0;0,0;0,0;0,0;0,0;0;
15:54:27;0,0;0,0;0,0;0,0;0,0;0,0;0,0;0,0;0;
15:54:28;0,0;0,0;0,0;0,0;0,0;0,0;0,0;0,0;0;
15:54:28;0,0;0,0;0,0;0,0;0,0;0,0;0,0;0,0;0;
15:54:29;0,0;0,0;0,0;0,0;0,0;0,0;0,0;0,0;0;
15:54:29;0,0;0,0;0,0;0,0;0,0;0,0;0,0;0,0;0;
15:54:30;0,0;0,0;0,0;0,0;0,0;0,0;0,0;0,0;0;
15:54:30;0,0;0,0;0,0;0,0;0,0;0,0;0,0;0,0;0;
15:54:31;0,0;0,0;0,0;0,0;0,0;0,0;0,0;0,0;0;
15:54:31;0,0;0,0;0,0;0,0;0,0;0,0;0,0;0,0;0;
15:54:32;0,0;0,0;0,0;0,0;0,0;0,0;0,0;0,0;0;
15:54:32;0,0;0,0;0,0;0,0;0,0;0,0;0,0;0,0;0;
15:54:33;0,0;0,0;0,0;0,0;0,0;0,0;0,0;0,0;0;
15:54:33;0,0;0,0;0,0;0,0;0,0;0,0;0,0;0,0;0;
15:54:34;0,0;0,0;0,0;0,0;0,0;0,0;0,0;0,0;0;
15:54:34;0,0;0,0;0,0;0,0;0,0;0,0;0,0;0,0;0;
15:54:35;0,0;0,0;0,0;0,0;0,0;0,0;0,0;0,0;0;
15:54:35;0,0;0,0;0,0;0,0;0,0;0,0;0,0;0,0;0;
15:54:36;0,0;0,0;0,0;0,0;0,0;0,0;0,0;0,0;0;
15:54:36;0,0;0,0;0,0;0,0;0,0;0,0;0,0;0,0;0;
15:54:37;0,0;0,0;0,0;0,0;0,0;0,0;0,0;0,0;0;
15:54:37;0,0;0,0;0,0;0,0;0,0;0,0;0,0;0,0;0;
15:54:38;0,0;0,0;0,0;0,0;0,0;0,0;0,0;0,0;0;
15:54:38;0,0;0,0;0,0;0,0;0,0;0,0;0,0;0,0;0;
15:54:39;0,0;0,0;0,0;0,0;0,0;0,0;0,0;0,0;0;
15:54:39;0,0;0,0;0,0;0,0;0,0;0,0;0,0;0,0;0;
15:54:40;0,0;0,0;0,0;0,0;0,0;0,0;0,0;0,0;0;
15:54:40;0,0;0,0;0,0;0,0;0,0;0,0;0,0;0,0;0;
15:54:41;0,0;0,0;0,0;0,0;0,0;0,0;0,0;0,0;0;
15:54:41;0,0;0,0;0,0;0,0;0,0;0,0;0,0;0,0;0;
15:54:42;0,0;0,0;0,0;0,0;0,0;0,0;0,0;0,0;0;
15:54:42;0,0;0,0;0,0;0,0;0,0;0,0;0,0;0,0;0;
15:54:43;0,0;0,0;0,0;0,0;0,0;0,0;0,0;0,0;0;
15:54:43;0,0;0,0;0,0;0,0;0,0;0,0;0,0;0,0;0;
15:54:44;0,0;0,0;0,0;0,0;0,0;0,0;0,0;0,0;0;
15:54:44;0,0;0,0;0,0;0,0;0,0;0,0;0,0;0,0;0;
15:54:45;0,0;0,0;0,0;0,0;0,0;0,0;0,0;0,0;0;
15:54:45;0,0;0,0;0,0;0,0;0,0;0,0;0,0;0,0;0;
15:54:46;0,0;0,0;0,0;0,0;0,0;0,0;0,0;0,0;0;
15:54:47;0,0;0,0;0,0;0,0;0,0;0,0;0,0;0,0;0;
15:54:47;0,0;0,0;0,0;0,0;0,0;0,0;0,0;0,0;0;
15:54:47;0,0;0,0;0,0;0,0;0,0;0,0;0,0;0,0;0;
15:54:48;0,0;0,0;0,0;0,0;0,0;0,0;0,0;0,0;0;
15:54:48;0,0;0,0;0,0;0,0;0,0;0,0;0,0;0,0;0;
15:54:49;0,0;0,0;0,0;0,0;0,0;0,0;0,0;0,0;0;
15:54:49;0,0;0,0;0,0;0,0;0,0;0,0;0,0;0,0;0;
15:54:50;0,0;0,0;0,0;0,0;0,0;0,0;0,0;0,0;0;
15:54:51;0,0;0,0;0,0;0,0;0,0;0,0;0,0;0,0;0;
15:54:51;0,0;0,0;0,0;0,0;0,0;0,0;0,0;0,0;0;
15:54:52;0,0;0,0;0,0;0,0;0,0;0,0;0,0;0,0;0;
15:54:52;0,0;0,0;0,0;0,0;0,0;0,0;0,0;0,0;0;
15:54:53;0,0;0,0;0,0;0,0;0,0;0,0;0,0;0,0;0;
15:54:53;0,0;0,0;0,0;0,0;0,0;0,0;0,0;0,0;0;
15:54:54;0,0;0,0;0,0;0,0;0,0;0,0;0,0;0,0;0;
15:54:54;0,0;0,0;0,0;0,0;0,0;0,0;0,0;0,0;0;
15:54:55;0,0;0,0;0,0;0,0;0,0;0,0;0,0;0,0;0;
15:54:55;0,0;0,0;0,0;0,0;0,0;0,0;0,0;0,0;0;
15:54:56;0,0;0,0;0,0;0,0;0,0;0,0;0,0;0,0;0;
15:54:56;0,0;0,0;0,0;0,0;0,0;0,0;0,0;0,0;0;
15:54:57;0,0;0,0;0,0;0,0;0,0;0,0;0,0;0,0;0;
15:54:57;0,0;0,0;0,0;0,0;0,0;0,0;0,0;0,0;0;
15:54:58;0,0;0,0;0,0;0,0;0,0;0,0;0,0;0,0;0;
15:54:58;0,0;0,0;0,0;0,0;0,0;0,0;0,0;0,0;0;
15:54:59;0,0;0,0;0,0;0,0;0,0;0,0;0,0;0,0;0;
15:54:59;0,0;0,0;0,0;0,0;0,0;0,0;0,0;0,0;0;
15:55:00;0,0;0,0;0,0;0,0;0,0;0,0;0,0;0,0;0;
15:55:00;0,0;0,0;0,0;0,0;0,0;0,0;0,0;0,0;0;
15:55:01;0,0;0,0;0,0;0,0;0,0;0,0;0,0;0,0;0;
15:55:01;0,0;0,0;0,0;0,0;0,0;0,0;0,0;0,0;0;
15:55:02;0,0;0,0;0,0;0,0;0,0;0,0;0,0;0,0;0;
15:55:02;0,0;0,0;0,0;0,0;0,0;0,0;0,0;0,0;0;
15:55:03;0,0;0,0;0,0;0,0;0,0;0,0;0,0;0,0;0;
15:55:03;0,0;0,0;0,0;0,0;0,0;0,0;0,0;0,0;0;
15:55:04;0,0;0,0;0,0;0,0;0,0;0,0;0,0;0,0;0;
15:55:04;0,0;0,0;0,0;0,0;0,0;0,0;0,0;0,0;0;
15:55:05;0,0;0,0;0,0;0,0;0,0;0,0;0,0;0,0;0;
15:55:05;0,0;0,0;0,0;0,0;0,0;0,0;0,0;0,0;0;
15:55:06;0,0;0,0;0,0;0,0;0,0;0,0;0,0;0,0;0;
15:55:06;0,0;0,0;0,0;0,0;0,0;0,0;0,0;0,0;0;
15:55:07;0,0;0,0;0,0;0,0;0,0;0,0;0,0;0,0;0;
15:55:07;0,0;0,0;0,0;0,0;0,0;0,0;0,0;0,0;0;
15:55:08;0,0;0,0;0,0;0,0;0,0;0,0;0,0;0,0;0;
15:55:08;0,0;0,0;0,0;0,0;0,0;0,0;0,0;0,0;0;
15:55:09;0,0;0,0;0,0;0,0;0,0;0,0;0,0;0,0;0;
15:55:09;0,0;0,0;0,0;0,0;0,0;0,0;0,0;0,0;0;
15:55:10;0,0;0,0;0,0;0,0;0,0;0,0;0,0;0,0;0;
15:55:10;0,0;0,0;0,0;0,0;0,0;0,0;0,0;0,0;0;
15:55:11;0,0;0,0;0,0;0,0;0,0;0,0;0,0;0,0;0;
15:55:11;0,0;0,0;0,0;0,0;0,0;0,0;0,0;0,0;0;
15:55:12;0,0;0,0;0,0;0,0;0,0;0,0;0,0;0,0;0;
15:55:12;0,0;0,0;0,0;0,0;0,0;0,0;0,0;0,0;0;
15:55:13;0,0;0,0;0,0;0,0;0,0;0,0;0,0;0,0;0;
15:55:13;0,0;0,0;0,0;0,0;0,0;0,0;0,0;0,0;0;
15:55:14;0,0;0,0;0,0;0,0;0,0;0,0;0,0;0,0;0;
15:55:14;0,0;0,0;0,0;0,0;0,0;0,0;0,0;0,0;0;
15:55:15;0,0;0,0;0,0;0,0;0,0;0,0;0,0;0,0;0;
15:55:15;0,0;0,0;0,0;0,0;0,0;0,0;0,0;0,0;0;
15:55:16;0,0;0,0;0,0;0,0;0,0;0,0;0,0;0,0;0;
15:55:16;0,0;0,0;0,0;0,0;0,0;0,0;0,0;0,0;0;
15:55:17;0,0;0,0;0,0;0,0;0,0;0,0;0,0;0,0;0;
15:55:17;0,0;0,0;0,0;0,0;0,0;0,0;0,0;0,0;0;
15:55:18;0,0;0,0;0,0;0,0;0,0;0,0;0,0;0,0;0;
15:55:18;0,0;0,0;0,0;0,0;0,0;0,0;0,0;0,0;0;
15:55:19;0,0;0,0;0,0;0,0;0,0;0,0;0,0;0,0;0;
15:55:20;0,0;0,0;0,0;0,0;0,0;0,0;0,0;0,0;0;
15:55:20;0,0;0,0;0,0;0,0;0,0;0,0;0,0;0,0;0;
15:55:20;0,0;0,0;0,0;0,0;0,0;0,0;0,0;0,0;0;
15:55:21;0,0;0,0;0,0;0,0;0,0;0,0;0,0;0,0;0;
15:55:21;0,0;0,0;0,0;0,0;0,0;0,0;0,0;0,0;0;
15:55:22;0,0;0,0;0,0;0,0;0,0;0,0;0,0;0,0;0;
15:55:23;0,0;0,0;0,0;0,0;0,0;0,0;0,0;0,0;0;
15:55:23;0,0;0,0;0,0;0,0;0,0;0,0;0,0;0,0;0;
15:55:24;0,0;0,0;0,0;0,0;0,0;0,0;0,0;0,0;0;
15:55:24;0,0;0,0;0,0;0,0;0,0;0,0;0,0;0,0;0;
15:55:24;0,0;0,0;0,0;0,0;0,0;0,0;0,0;0,0;0;
15:55:25;0,0;0,0;0,0;0,0;0,0;0,0;0,0;0,0;0;
15:55:26;0,0;0,0;0,0;0,0;0,0;0,0;0,0;0,0;0;
15:55:26;0,0;0,0;0,0;0,0;0,0;0,0;0,0;0,0;0;
15:55:27;0,0;0,0;0,0;0,0;0,0;0,0;0,0;0,0;0;
15:55:27;0,0;0,0;0,0;0,0;0,0;0,0;0,0;0,0;0;
15:55:28;0,0;0,0;0,0;0,0;0,0;0,0;0,0;0,0;0;
15:55:28;0,0;0,0;0,0;0,0;0,0;0,0;0,0;0,0;0;
15:55:29;0,0;0,0;0,0;0,0;0,0;0,0;0,0;0,0;0;
15:55:29;0,0;0,0;0,0;0,0;0,0;0,0;0,0;0,0;0;
15:55:30;0,0;0,0;0,0;0,0;0,0;0,0;0,0;0,0;0;
15:55:30;0,0;0,0;0,0;0,0;0,0;0,0;0,0;0,0;0;
15:55:31;0,0;0,0;0,0;0,0;0,0;0,0;0,0;0,0;0;
15:55:31;0,0;0,0;0,0;0,0;0,0;0,0;0,0;0,0;0;
15:55:32;0,0;0,0;0,0;0,0;0,0;0,0;0,0;0,0;0;
15:55:32;0,0;0,0;0,0;0,0;0,0;0,0;0,0;0,0;0;
15:55:33;0,0;0,0;0,0;0,0;0,0;0,0;0,0;0,0;0;
15:55:33;0,0;0,0;0,0;0,0;0,0;0,0;0,0;0,0;0;
15:55:34;0,0;0,0;0,0;0,0;0,0;0,0;0,0;0,0;0;
15:55:34;0,0;0,0;0,0;0,0;0,0;0,0;0,0;0,0;0;
15:55:35;0,0;0,0;0,0;0,0;0,0;0,0;0,0;0,0;0;
15:55:35;0,0;0,0;0,0;0,0;0,0;0,0;0,0;0,0;0;
15:55:36;0,0;0,0;0,0;0,0;0,0;0,0;0,0;0,0;0;
15:55:36;0,0;0,0;0,0;0,0;0,0;0,0;0,0;0,0;0;
15:55:37;0,0;0,0;0,0;0,0;0,0;0,0;0,0;0,0;0;
15:55:37;0,0;0,0;0,0;0,0;0,0;0,0;0,0;0,0;0;
15:55:38;0,0;0,0;0,0;0,0;0,0;0,0;0,0;0,0;0;
15:55:38;0,0;0,0;0,0;0,0;0,0;0,0;0,0;0,0;0;
15:55:39;0,0;0,0;0,0;0,0;0,0;0,0;0,0;0,0;0;
15:55:39;0,0;0,0;0,0;0,0;0,0;0,0;0,0;0,0;0;
15:55:40;0,0;0,0;0,0;0,0;0,0;0,0;0,0;0,0;0;
15:55:40;0,0;0,0;0,0;0,0;0,0;0,0;0,0;0,0;0;
15:55:41;0,0;0,0;0,0;0,0;0,0;0,0;0,0;0,0;0;
15:55:41;0,0;0,0;0,0;0,0;0,0;0,0;0,0;0,0;0;
15:55:42;0,0;0,0;0,0;0,0;0,0;0,0;0,0;0,0;0;
15:55:42;0,0;0,0;0,0;0,0;0,0;0,0;0,0;0,0;0;
15:55:43;0,0;0,0;0,0;0,0;0,0;0,0;0,0;0,0;0;
15:55:43;0,0;0,0;0,0;0,0;0,0;0,0;0,0;0,0;0;
15:55:44;0,0;0,0;0,0;0,0;0,0;0,0;0,0;0,0;0;
15:55:44;0,0;0,0;0,0;0,0;0,0;0,0;0,0;0,0;0;
15:55:45;0,0;0,0;0,0;0,0;0,0;0,0;0,0;0,0;0;
15:55:45;0,0;0,0;0,0;0,0;0,0;0,0;0,0;0,0;0;
15:55:46;0,0;0,0;0,0;0,0;0,0;0,0;0,0;0,0;0;
15:55:46;0,0;0,0;0,0;0,0;0,0;0,0;0,0;0,0;0;
15:55:47;0,0;0,0;0,0;0,0;0,0;0,0;0,0;0,0;0;
15:55:47;0,0;0,0;0,0;0,0;0,0;0,0;0,0;0,0;0;
15:55:48;0,0;0,0;0,0;0,0;0,0;0,0;0,0;0,0;0;
15:55:48;0,0;0,0;0,0;0,0;0,0;0,0;0,0;0,0;0;
15:55:49;0,0;0,0;0,0;0,0;0,0;0,0;0,0;0,0;0;
15:55:49;0,0;0,0;0,0;0,0;0,0;0,0;0,0;0,0;0;
15:55:50;0,0;0,0;0,0;0,0;0,0;0,0;0,0;0,0;0;
15:55:50;0,0;0,0;0,0;0,0;0,0;0,0;0,0;0,0;0;
15:55:51;0,0;0,0;0,0;0,0;0,0;0,0;0,0;0,0;0;
15:55:51;0,0;0,0;0,0;0,0;0,0;0,0;0,0;0,0;0;
15:55:52;0,0;0,0;0,0;0,0;0,0;0,0;0,0;0,0;0;
15:55:52;0,0;0,0;0,0;0,0;0,0;0,0;0,0;0,0;0;
15:55:53;0,0;0,0;0,0;0,0;0,0;0,0;0,0;0,0;0;
15:55:53;0,0;0,0;0,0;0,0;0,0;0,0;0,0;0,0;0;
15:55:54;0,0;0,0;0,0;0,0;0,0;0,0;0,0;0,0;0;
15:55:54;0,0;0,0;0,0;0,0;0,0;0,0;0,0;0,0;0;
15:55:55;0,0;0,0;0,0;0,0;0,0;0,0;0,0;0,0;0;
15:55:55;0,0;0,0;0,0;0,0;0,0;0,0;0,0;0,0;0;
15:55:56;0,0;0,0;0,0;0,0;0,0;0,0;0,0;0,0;0;
15:55:56;0,0;0,0;0,0;0,0;0,0;0,0;0,0;0,0;0;
15:55:57;0,0;0,0;0,0;0,0;0,0;0,0;0,0;0,0;0;
15:55:57;0,0;0,0;0,0;0,0;0,0;0,0;0,0;0,0;0;
15:55:58;0,0;0,0;0,0;0,0;0,0;0,0;0,0;0,0;0;
15:55:59;0,0;0,0;0,0;0,0;0,0;0,0;0,0;0,0;0;
15:55:59;0,0;0,0;0,0;0,0;0,0;0,0;0,0;0,0;0;
15:55:59;0,0;0,0;0,0;0,0;0,0;0,0;0,0;0,0;0;
15:56:00;0,0;0,0;0,0;0,0;0,0;0,0;0,0;0,0;0;
15:56:01;0,0;0,0;0,0;0,0;0,0;0,0;0,0;0,0;0;
15:56:01;0,0;0,0;0,0;0,0;0,0;0,0;0,0;0,0;0;
15:56:02;0,0;0,0;0,0;0,0;0,0;0,0;0,0;0,0;0;
15:56:02;0,0;0,0;0,0;0,0;0,0;0,0;0,0;0,0;0;
15:56:03;0,0;0,0;0,0;0,0;0,0;0,0;0,0;0,0;0;
15:56:03;0,0;0,0;0,0;0,0;0,0;0,0;0,0;0,0;0;
15:56:04;0,0;0,0;0,0;0,0;0,0;0,0;0,0;0,0;0;
15:56:04;0,0;0,0;0,0;0,0;0,0;0,0;0,0;0,0;0;
15:56:05;0,0;0,0;0,0;0,0;0,0;0,0;0,0;0,0;0;
15:56:05;0,0;0,0;0,0;0,0;0,0;0,0;0,0;0,0;0;
15:56:06;0,0;0,0;0,0;0,0;0,0;0,0;0,0;0,0;0;
15:56:06;0,0;0,0;0,0;0,0;0,0;0,0;0,0;0,0;0;
15:56:07;0,0;0,0;0,0;0,0;0,0;0,0;0,0;0,0;0;
15:56:07;0,0;0,0;0,0;0,0;0,0;0,0;0,0;0,0;0;
15:56:08;0,0;0,0;0,0;0,0;0,0;0,0;0,0;0,0;0;
15:56:08;0,0;0,0;0,0;0,0;0,0;0,0;0,0;0,0;0;
15:56:09;0,0;0,0;0,0;0,0;0,0;0,0;0,0;0,0;0;
15:56:09;0,0;0,0;0,0;0,0;0,0;0,0;0,0;0,0;0;
15:56:10;0,0;0,0;0,0;0,0;0,0;0,0;0,0;0,0;0;
15:56:10;0,0;0,0;0,0;0,0;0,0;0,0;0,0;0,0;0;
15:56:11;0,0;0,0;0,0;0,0;0,0;0,0;0,0;0,0;0;
15:56:11;0,0;0,0;0,0;0,0;0,0;0,0;0,0;0,0;0;
15:56:12;0,0;0,0;0,0;0,0;0,0;0,0;0,0;0,0;0;
15:56:12;0,0;0,0;0,0;0,0;0,0;0,0;0,0;0,0;0;
15:56:13;0,0;0,0;0,0;0,0;0,0;0,0;0,0;0,0;0;
15:56:13;0,0;0,0;0,0;0,0;0,0;0,0;0,0;0,0;0;
15:56:14;0,0;0,0;0,0;0,0;0,0;0,0;0,0;0,0;0;
15:56:14;0,0;0,0;0,0;0,0;0,0;0,0;0,0;0,0;0;
15:56:15;0,0;0,0;0,0;0,0;0,0;0,0;0,0;0,0;0;
15:56:15;0,0;0,0;0,0;0,0;0,0;0,0;0,0;0,0;0;
15:56:16;0,0;0,0;0,0;0,0;0,0;0,0;0,0;0,0;0;
15:56:16;0,0;0,0;0,0;0,0;0,0;0,0;0,0;0,0;0;
15:56:17;0,0;0,0;0,0;0,0;0,0;0,0;0,0;0,0;0;
15:56:17;0,0;0,0;0,0;0,0;0,0;0,0;0,0;0,0;0;
15:56:18;0,0;0,0;0,0;0,0;0,0;0,0;0,0;0,0;0;
15:56:18;0,0;0,0;0,0;0,0;0,0;0,0;0,0;0,0;0;
15:56:19;0,0;0,0;0,0;0,0;0,0;0,0;0,0;0,0;0;
15:56:19;0,0;0,0;0,0;0,0;0,0;0,0;0,0;0,0;0;
15:56:20;0,0;0,0;0,0;0,0;0,0;0,0;0,0;0,0;0;
15:56:20;0,0;0,0;0,0;0,0;0,0;0,0;0,0;0,0;0;
15:56:21;0,0;0,0;0,0;0,0;0,0;0,0;0,0;0,0;0;
15:56:21;0,0;0,0;0,0;0,0;0,0;0,0;0,0;0,0;0;
15:56:22;0,0;0,0;0,0;0,0;0,0;0,0;0,0;0,0;0;
15:56:22;0,0;0,0;0,0;0,0;0,0;0,0;0,0;0,0;0;
15:56:23;0,0;0,0;0,0;0,0;0,0;0,0;0,0;0,0;0;
15:56:23;0,0;0,0;0,0;0,0;0,0;0,0;0,0;0,0;0;
15:56:24;0,0;0,0;0,0;0,0;0,0;0,0;0,0;0,0;0;
15:56:24;0,0;0,0;0,0;0,0;0,0;0,0;0,0;0,0;0;
15:56:25;0,0;0,0;0,0;0,0;0,0;0,0;0,0;0,0;0;
15:56:25;0,0;0,0;0,0;0,0;0,0;0,0;0,0;0,0;0;
15:56:26;0,0;0,0;0,0;0,0;0,0;0,0;0,0;0,0;0;
15:56:26;0,0;0,0;0,0;0,0;0,0;0,0;0,0;0,0;0;
15:56:27;0,0;0,0;0,0;0,0;0,0;0,0;0,0;0,0;0;
15:56:27;0,0;0,0;0,0;0,0;0,0;0,0;0,0;0,0;0;
15:56:28;0,0;0,0;0,0;0,0;0,0;0,0;0,0;0,0;0;
15:56:28;0,0;0,0;0,0;0,0;0,0;0,0;0,0;0,0;0;
15:56:29;0,0;0,0;0,0;0,0;0,0;0,0;0,0;0,0;0;
15:56:29;0,0;0,0;0,0;0,0;0,0;0,0;0,0;0,0;0;
15:56:30;0,0;0,0;0,0;0,0;0,0;0,0;0,0;0,0;0;
15:56:30;0,0;0,0;0,0;0,0;0,0;0,0;0,0;0,0;0;
15:56:31;0,0;0,0;0,0;0,0;0,0;0,0;0,0;0,0;0;
15:56:32;0,0;0,0;0,0;0,0;0,0;0,0;0,0;0,0;0;
15:56:32;0,0;0,0;0,0;0,0;0,0;0,0;0,0;0,0;0;
15:56:33;0,0;0,0;0,0;0,0;0,0;0,0;0,0;0,0;0;
15:56:33;0,0;0,0;0,0;0,0;0,0;0,0;0,0;0,0;0;
15:56:34;0,0;0,0;0,0;0,0;0,0;0,0;0,0;0,0;0;
15:56:34;0,0;0,0;0,0;0,0;0,0;0,0;0,0;0,0;0;
15:56:35;0,0;0,0;0,0;0,0;0,0;0,0;0,0;0,0;0;
15:56:35;0,0;0,0;0,0;0,0;0,0;0,0;0,0;0,0;0;
15:56:36;0,0;0,0;0,0;0,0;0,0;0,0;0,0;0,0;0;
15:56:36;0,0;0,0;0,0;0,0;0,0;0,0;0,0;0,0;0;
15:56:37;0,0;0,0;0,0;0,0;0,0;0,0;0,0;0,0;0;
15:56:37;0,0;0,0;0,0;0,0;0,0;0,0;0,0;0,0;0;
15:56:38;0,0;0,0;0,0;0,0;0,0;0,0;0,0;0,0;0;
15:56:38;0,0;0,0;0,0;0,0;0,0;0,0;0,0;0,0;0;
15:56:39;0,0;0,0;0,0;0,0;0,0;0,0;0,0;0,0;0;
15:56:39;0,0;0,0;0,0;0,0;0,0;0,0;0,0;0,0;0;
15:56:40;0,0;0,0;0,0;0,0;0,0;0,0;0,0;0,0;0;
15:56:40;0,0;0,0;0,0;0,0;0,0;0,0;0,0;0,0;0;
15:56:41;0,0;0,0;0,0;0,0;0,0;0,0;0,0;0,0;0;
15:56:41;0,0;0,0;0,0;0,0;0,0;0,0;0,0;0,0;0;
15:56:42;0,0;0,0;0,0;0,0;0,0;0,0;0,0;0,0;0;
15:56:42;0,0;0,0;0,0;0,0;0,0;0,0;0,0;0,0;0;
15:56:43;0,0;0,0;0,0;0,0;0,0;0,0;0,0;0,0;0;
15:56:43;0,0;0,0;0,0;0,0;0,0;0,0;0,0;0,0;0;
15:56:44;0,0;0,0;0,0;0,0;0,0;0,0;0,0;0,0;0;
15:56:44;0,0;0,0;0,0;0,0;0,0;0,0;0,0;0,0;0;
15:56:45;0,0;0,0;0,0;0,0;0,0;0,0;0,0;0,0;0;
15:56:45;0,0;0,0;0,0;0,0;0,0;0,0;0,0;0,0;0;
15:56:46;0,0;0,0;0,0;0,0;0,0;0,0;0,0;0,0;0;
15:56:46;0,0;0,0;0,0;0,0;0,0;0,0;0,0;0,0;0;
15:56:47;0,0;0,0;0,0;0,0;0,0;0,0;0,0;0,0;0;
15:56:47;0,0;0,0;0,0;0,0;0,0;0,0;0,0;0,0;0;
15:56:48;0,0;0,0;0,0;0,0;0,0;0,0;0,0;0,0;0;
15:56:48;0,0;0,0;0,0;0,0;0,0;0,0;0,0;0,0;0;
15:56:49;0,0;0,0;0,0;0,0;0,0;0,0;0,0;0,0;0;
15:56:49;0,0;0,0;0,0;0,0;0,0;0,0;0,0;0,0;0;
15:56:50;0,0;0,0;0,0;0,0;0,0;0,0;0,0;0,0;0;
15:56:50;0,0;0,0;0,0;0,0;0,0;0,0;0,0;0,0;0;
15:56:51;0,0;0,0;0,0;0,0;0,0;0,0;0,0;0,0;0;
15:56:51;0,0;0,0;0,0;0,0;0,0;0,0;0,0;0,0;0;
15:56:52;0,0;0,0;0,0;0,0;0,0;0,0;0,0;0,0;0;
15:56:52;0,0;0,0;0,0;0,0;0,0;0,0;0,0;0,0;0;
15:56:53;0,0;0,0;0,0;0,0;0,0;0,0;0,0;0,0;0;
15:56:53;0,0;0,0;0,0;0,0;0,0;0,0;0,0;0,0;0;
15:56:54;0,0;0,0;0,0;0,0;0,0;0,0;0,0;0,0;0;
15:56:54;0,0;0,0;0,0;0,0;0,0;0,0;0,0;0,0;0;
15:56:55;0,0;0,0;0,0;0,0;0,0;0,0;0,0;0,0;0;
15:56:55;0,0;0,0;0,0;0,0;0,0;0,0;0,0;0,0;0;
15:56:56;0,0;0,0;0,0;0,0;0,0;0,0;0,0;0,0;0;
15:56:56;0,0;0,0;0,0;0,0;0,0;0,0;0,0;0,0;0;
15:56:57;0,0;0,0;0,0;0,0;0,0;0,0;0,0;0,0;0;
15:56:57;0,0;0,0;0,0;0,0;0,0;0,0;0,0;0,0;0;
15:56:58;0,0;0,0;0,0;0,0;0,0;0,0;0,0;0,0;0;
15:56:58;0,0;0,0;0,0;0,0;0,0;0,0;0,0;0,0;0;
15:56:59;0,0;0,0;0,0;0,0;0,0;0,0;0,0;0,0;0;
15:56:59;0,0;0,0;0,0;0,0;0,0;0,0;0,0;0,0;0;
15:57:00;0,0;0,0;0,0;0,0;0,0;0,0;0,0;0,0;0;
15:57:00;0,0;0,0;0,0;0,0;0,0;0,0;0,0;0,0;0;
15:57:01;0,0;0,0;0,0;0,0;0,0;0,0;0,0;0,0;0;
15:57:01;0,0;0,0;0,0;0,0;0,0;0,0;0,0;0,0;0;
15:57:02;0,0;0,0;0,0;0,0;0,0;0,0;0,0;0,0;0;
15:57:02;0,0;0,0;0,0;0,0;0,0;0,0;0,0;0,0;0;
15:57:03;0,0;0,0;0,0;0,0;0,0;0,0;0,0;0,0;0;
15:57:03;0,0;0,0;0,0;0,0;0,0;0,0;0,0;0,0;0;
15:57:04;0,0;0,0;0,0;0,0;0,0;0,0;0,0;0,0;0;
15:57:04;0,0;0,0;0,0;0,0;0,0;0,0;0,0;0,0;0;
15:57:05;0,0;0,0;0,0;0,0;0,0;0,0;0,0;0,0;0;
15:57:05;0,0;0,0;0,0;0,0;0,0;0,0;0,0;0,0;0;
15:57:06;0,0;0,0;0,0;0,0;0,0;0,0;0,0;0,0;0;
15:57:06;0,0;0,0;0,0;0,0;0,0;0,0;0,0;0,0;0;
15:57:07;0,0;0,0;0,0;0,0;0,0;0,0;0,0;0,0;0;
15:57:07;0,0;0,0;0,0;0,0;0,0;0,0;0,0;0,0;0;
15:57:08;0,0;0,0;0,0;0,0;0,0;0,0;0,0;0,0;0;
15:57:08;0,0;0,0;0,0;0,0;0,0;0,0;0,0;0,0;0;
15:57:09;0,0;0,0;0,0;0,0;0,0;0,0;0,0;0,0;0;
15:57:10;0,0;0,0;0,0;0,0;0,0;0,0;0,0;0,0;0;
15:57:10;0,0;0,0;0,0;0,0;0,0;0,0;0,0;0,0;0;
15:57:11;0,0;0,0;0,0;0,0;0,0;0,0;0,0;0,0;0;
15:57:11;0,0;0,0;0,0;0,0;0,0;0,0;0,0;0,0;0;
15:57:12;0,0;0,0;0,0;0,0;0,0;0,0;0,0;0,0;0;
15:57:12;0,0;0,0;0,0;0,0;0,0;0,0;0,0;0,0;0;
15:57:13;0,0;0,0;0,0;0,0;0,0;0,0;0,0;0,0;0;
15:57:13;0,0;0,0;0,0;0,0;0,0;0,0;0,0;0,0;0;
15:57:14;0,0;0,0;0,0;0,0;0,0;0,0;0,0;0,0;0;
15:57:14;0,0;0,0;0,0;0,0;0,0;0,0;0,0;0,0;0;
15:57:15;0,0;0,0;0,0;0,0;0,0;0,0;0,0;0,0;0;
15:57:15;0,0;0,0;0,0;0,0;0,0;0,0;0,0;0,0;0;
15:57:16;0,0;0,0;0,0;0,0;0,0;0,0;0,0;0,0;0;
15:57:16;0,0;0,0;0,0;0,0;0,0;0,0;0,0;0,0;0;
15:57:17;0,0;0,0;0,0;0,0;0,0;0,0;0,0;0,0;0;
15:57:17;0,0;0,0;0,0;0,0;0,0;0,0;0,0;0,0;0;
15:57:18;0,0;0,0;0,0;0,0;0,0;0,0;0,0;0,0;0;
15:57:18;0,0;0,0;0,0;0,0;0,0;0,0;0,0;0,0;0;
15:57:19;0,0;0,0;0,0;0,0;0,0;0,0;0,0;0,0;0;
15:57:19;0,0;0,0;0,0;0,0;0,0;0,0;0,0;0,0;0;
15:57:20;0,0;0,0;0,0;0,0;0,0;0,0;0,0;0,0;0;
15:57:20;0,0;0,0;0,0;0,0;0,0;0,0;0,0;0,0;0;
15:57:21;0,0;0,0;0,0;0,0;0,0;0,0;0,0;0,0;0;
15:57:21;0,0;0,0;0,0;0,0;0,0;0,0;0,0;0,0;0;
15:57:22;0,0;0,0;0,0;0,0;0,0;0,0;0,0;0,0;0;
15:57:22;0,0;0,0;0,0;0,0;0,0;0,0;0,0;0,0;0;
15:57:23;0,0;0,0;0,0;0,0;0,0;0,0;0,0;0,0;0;
15:57:23;0,0;0,0;0,0;0,0;0,0;0,0;0,0;0,0;0;
15:57:24;0,0;0,0;0,0;0,0;0,0;0,0;0,0;0,0;0;
15:57:24;0,0;0,0;0,0;0,0;0,0;0,0;0,0;0,0;0;
15:57:25;0,0;0,0;0,0;0,0;0,0;0,0;0,0;0,0;0;
15:57:25;0,0;0,0;0,0;0,0;0,0;0,0;0,0;0,0;0;
15:57:26;0,0;0,0;0,0;0,0;0,0;0,0;0,0;0,0;0;
15:57:26;0,0;0,0;0,0;0,0;0,0;0,0;0,0;0,0;0;
15:57:27;0,0;0,0;0,0;0,0;0,0;0,0;0,0;0,0;0;
15:57:27;0,0;0,0;0,0;0,0;0,0;0,0;0,0;0,0;0;
15:57:28;0,0;0,0;0,0;0,0;0,0;0,0;0,0;0,0;0;
15:57:29;0,0;0,0;0,0;0,0;0,0;0,0;0,0;0,0;0;
15:57:29;0,0;0,0;0,0;0,0;0,0;0,0;0,0;0,0;0;
15:57:29;0,0;0,0;0,0;0,0;0,0;0,0;0,0;0,0;0;
15:57:30;0,0;0,0;0,0;0,0;0,0;0,0;0,0;0,0;0;
15:57:30;0,0;0,0;0,0;0,0;0,0;0,0;0,0;0,0;0;
15:57:31;0,0;0,0;0,0;0,0;0,0;0,0;0,0;0,0;0;
15:57:31;0,0;0,0;0,0;0,0;0,0;0,0;0,0;0,0;0;
15:57:32;0,0;0,0;0,0;0,0;0,0;0,0;0,0;0,0;0;
15:57:33;0,0;0,0;0,0;0,0;0,0;0,0;0,0;0,0;0;
15:57:33;0,0;0,0;0,0;0,0;0,0;0,0;0,0;0,0;0;
15:57:33;0,0;0,0;0,0;0,0;0,0;0,0;0,0;0,0;0;
15:57:34;0,0;0,0;0,0;0,0;0,0;0,0;0,0;0,0;0;
15:57:34;0,0;0,0;0,0;0,0;0,0;0,0;0,0;0,0;0;
15:57:35;0,0;0,0;0,0;0,0;0,0;0,0;0,0;0,0;0;
15:57:35;0,0;0,0;0,0;0,0;0,0;0,0;0,0;0,0;0;
15:57:36;0,0;0,0;0,0;0,0;0,0;0,0;0,0;0,0;0;
15:57:36;0,0;0,0;0,0;0,0;0,0;0,0;0,0;0,0;0;
15:57:37;0,0;0,0;0,0;0,0;0,0;0,0;0,0;0,0;0;
15:57:37;0,0;0,0;0,0;0,0;0,0;0,0;0,0;0,0;0;
15:57:38;0,0;0,0;0,0;0,0;0,0;0,0;0,0;0,0;0;
15:57:39;0,0;0,0;0,0;0,0;0,0;0,0;0,0;0,0;0;
15:57:39;0,0;0,0;0,0;0,0;0,0;0,0;0,0;0,0;0;
15:57:39;0,0;0,0;0,0;0,0;0,0;0,0;0,0;0,0;0;
15:57:40;0,0;0,0;0,0;0,0;0,0;0,0;0,0;0,0;0;
15:57:41;0,0;0,0;0,0;0,0;0,0;0,0;0,0;0,0;0;
15:57:41;0,0;0,0;0,0;0,0;0,0;0,0;0,0;0,0;0;
15:57:42;0,0;0,0;0,0;0,0;0,0;0,0;0,0;0,0;0;
15:57:42;0,0;0,0;0,0;0,0;0,0;0,0;0,0;0,0;0;
15:57:43;0,0;0,0;0,0;0,0;0,0;0,0;0,0;0,0;0;
15:57:43;0,0;0,0;0,0;0,0;0,0;0,0;0,0;0,0;0;
15:57:44;0,0;0,0;0,0;0,0;0,0;0,0;0,0;0,0;0;
15:57:44;0,0;0,0;0,0;0,0;0,0;0,0;0,0;0,0;0;
15:57:45;0,0;0,0;0,0;0,0;0,0;0,0;0,0;0,0;0;
15:57:45;0,0;0,0;0,0;0,0;0,0;0,0;0,0;0,0;0;
15:57:46;0,0;0,0;0,0;0,0;0,0;0,0;0,0;0,0;0;
15:57:46;0,0;0,0;0,0;0,0;0,0;0,0;0,0;0,0;0;
15:57:47;0,0;0,0;0,0;0,0;0,0;0,0;0,0;0,0;0;
15:57:47;0,0;0,0;0,0;0,0;0,0;0,0;0,0;0,0;0;
15:57:48;0,0;0,0;0,0;0,0;0,0;0,0;0,0;0,0;0;
15:57:48;0,0;0,0;0,0;0,0;0,0;0,0;0,0;0,0;0;
15:57:49;0,0;0,0;0,0;0,0;0,0;0,0;0,0;0,0;0;
15:57:49;0,0;0,0;0,0;0,0;0,0;0,0;0,0;0,0;0;
15:57:50;0,0;0,0;0,0;0,0;0,0;0,0;0,0;0,0;0;
15:57:50;0,0;0,0;0,0;0,0;0,0;0,0;0,0;0,0;0;
15:57:51;0,0;0,0;0,0;0,0;0,0;0,0;0,0;0,0;0;
15:57:51;0,0;0,0;0,0;0,0;0,0;0,0;0,0;0,0;0;
15:57:52;0,0;0,0;0,0;0,0;0,0;0,0;0,0;0,0;0;
15:57:52;0,0;0,0;0,0;0,0;0,0;0,0;0,0;0,0;0;
15:57:53;0,0;0,0;0,0;0,0;0,0;0,0;0,0;0,0;0;
15:57:53;0,0;0,0;0,0;0,0;0,0;0,0;0,0;0,0;0;
15:57:54;0,0;0,0;0,0;0,0;0,0;0,0;0,0;0,0;0;
15:57:54;0,0;0,0;0,0;0,0;0,0;0,0;0,0;0,0;0;
15:57:55;0,0;0,0;0,0;0,0;0,0;0,0;0,0;0,0;0;
15:57:55;0,0;0,0;0,0;0,0;0,0;0,0;0,0;0,0;0;
15:57:56;0,0;0,0;0,0;0,0;0,0;0,0;0,0;0,0;0;
15:57:56;0,0;0,0;0,0;0,0;0,0;0,0;0,0;0,0;0;
15:57:57;0,0;0,0;0,0;0,0;0,0;0,0;0,0;0,0;0;
15:57:57;0,0;0,0;0,0;0,0;0,0;0,0;0,0;0,0;0;
15:57:58;0,0;0,0;0,0;0,0;0,0;0,0;0,0;0,0;0;
15:57:58;0,0;0,0;0,0;0,0;0,0;0,0;0,0;0,0;0;
15:57:59;0,0;0,0;0,0;0,0;0,0;0,0;0,0;0,0;0;
15:57:59;0,0;0,0;0,0;0,0;0,0;0,0;0,0;0,0;0;
15:58:00;0,0;0,0;0,0;0,0;0,0;0,0;0,0;0,0;0;
15:58:00;0,0;0,0;0,0;0,0;0,0;0,0;0,0;0,0;0;
15:58:01;0,0;0,0;0,0;0,0;0,0;0,0;0,0;0,0;0;
15:58:01;0,0;0,0;0,0;0,0;0,0;0,0;0,0;0,0;0;
15:58:02;0,0;0,0;0,0;0,0;0,0;0,0;0,0;0,0;0;
15:58:02;0,0;0,0;0,0;0,0;0,0;0,0;0,0;0,0;0;
15:58:03;0,0;0,0;0,0;0,0;0,0;0,0;0,0;0,0;0;
15:58:03;0,0;0,0;0,0;0,0;0,0;0,0;0,0;0,0;0;
15:58:04;0,0;0,0;0,0;0,0;0,0;0,0;0,0;0,0;0;
15:58:04;0,0;0,0;0,0;0,0;0,0;0,0;0,0;0,0;0;
15:58:05;0,0;0,0;0,0;0,0;0,0;0,0;0,0;0,0;0;
15:58:05;0,0;0,0;0,0;0,0;0,0;0,0;0,0;0,0;0;
15:58:06;0,0;0,0;0,0;0,0;0,0;0,0;0,0;0,0;0;
15:58:06;0,0;0,0;0,0;0,0;0,0;0,0;0,0;0,0;0;
15:58:07;0,0;0,0;0,0;0,0;0,0;0,0;0,0;0,0;0;
15:58:07;0,0;0,0;0,0;0,0;0,0;0,0;0,0;0,0;0;
15:58:08;0,0;0,0;0,0;0,0;0,0;0,0;0,0;0,0;0;
15:58:08;0,0;0,0;0,0;0,0;0,0;0,0;0,0;0,0;0;
15:58:09;0,0;0,0;0,0;0,0;0,0;0,0;0,0;0,0;0;
15:58:09;0,0;0,0;0,0;0,0;0,0;0,0;0,0;0,0;0;
15:58:10;0,0;0,0;0,0;0,0;0,0;0,0;0,0;0,0;0;
15:58:11;0,0;0,0;0,0;0,0;0,0;0,0;0,0;0,0;0;
15:58:11;0,0;0,0;0,0;0,0;0,0;0,0;0,0;0,0;0;
15:58:11;0,0;0,0;0,0;0,0;0,0;0,0;0,0;0,0;0;
15:58:12;0,0;0,0;0,0;0,0;0,0;0,0;0,0;0,0;0;
15:58:12;0,0;0,0;0,0;0,0;0,0;0,0;0,0;0,0;0;
15:58:13;0,0;0,0;0,0;0,0;0,0;0,0;0,0;0,0;0;
15:58:13;0,0;0,0;0,0;0,0;0,0;0,0;0,0;0,0;0;
15:58:14;0,0;0,0;0,0;0,0;0,0;0,0;0,0;0,0;0;
15:58:14;0,0;0,0;0,0;0,0;0,0;0,0;0,0;0,0;0;
15:58:15;0,0;0,0;0,0;0,0;0,0;0,0;0,0;0,0;0;
15:58:15;0,0;0,0;0,0;0,0;0,0;0,0;0,0;0,0;0;
15:58:16;0,0;0,0;0,0;0,0;0,0;0,0;0,0;0,0;0;
15:58:16;0,0;0,0;0,0;0,0;0,0;0,0;0,0;0,0;0;
15:58:17;0,0;0,0;0,0;0,0;0,0;0,0;0,0;0,0;0;
15:58:17;0,0;0,0;0,0;0,0;0,0;0,0;0,0;0,0;0;
15:58:18;0,0;0,0;0,0;0,0;0,0;0,0;0,0;0,0;0;
15:58:18;0,0;0,0;0,0;0,0;0,0;0,0;0,0;0,0;0;
15:58:19;0,0;0,0;0,0;0,0;0,0;0,0;0,0;0,0;0;
15:58:19;0,0;0,0;0,0;0,0;0,0;0,0;0,0;0,0;0;
15:58:20;0,0;0,0;0,0;0,0;0,0;0,0;0,0;0,0;0;
15:58:21;0,0;0,0;0,0;0,0;0,0;0,0;0,0;0,0;0;
15:58:21;0,0;0,0;0,0;0,0;0,0;0,0;0,0;0,0;0;
15:58:22;0,0;0,0;0,0;0,0;0,0;0,0;0,0;0,0;0;
15:58:22;0,0;0,0;0,0;0,0;0,0;0,0;0,0;0,0;0;
15:58:23;0,0;0,0;0,0;0,0;0,0;0,0;0,0;0,0;0;
15:58:23;0,0;0,0;0,0;0,0;0,0;0,0;0,0;0,0;0;
15:58:24;0,0;0,0;0,0;0,0;0,0;0,0;0,0;0,0;0;
15:58:24;0,0;0,0;0,0;0,0;0,0;0,0;0,0;0,0;0;
15:58:25;0,0;0,0;0,0;0,0;0,0;0,0;0,0;0,0;0;
15:58:25;0,0;0,0;0,0;0,0;0,0;0,0;0,0;0,0;0;
15:58:26;0,0;0,0;0,0;0,0;0,0;0,0;0,0;0,0;0;
15:58:26;0,0;0,0;0,0;0,0;0,0;0,0;0,0;0,0;0;
15:58:27;0,0;0,0;0,0;0,0;0,0;0,0;0,0;0,0;0;
15:58:27;0,0;0,0;0,0;0,0;0,0;0,0;0,0;0,0;0;
15:58:28;0,0;0,0;0,0;0,0;0,0;0,0;0,0;0,0;0;
15:58:28;0,0;0,0;0,0;0,0;0,0;0,0;0,0;0,0;0;
15:58:29;0,0;0,0;0,0;0,0;0,0;0,0;0,0;0,0;0;
15:58:29;0,0;0,0;0,0;0,0;0,0;0,0;0,0;0,0;0;
15:58:30;0,0;0,0;0,0;0,0;0,0;0,0;0,0;0,0;0;
15:58:30;0,0;0,0;0,0;0,0;0,0;0,0;0,0;0,0;0;
15:58:31;0,0;0,0;0,0;0,0;0,0;0,0;0,0;0,0;0;
15:58:31;0,0;0,0;0,0;0,0;0,0;0,0;0,0;0,0;0;
15:58:32;0,0;0,0;0,0;0,0;0,0;0,0;0,0;0,0;0;
15:58:32;0,0;0,0;0,0;0,0;0,0;0,0;0,0;0,0;0;
15:58:33;0,0;0,0;0,0;0,0;0,0;0,0;0,0;0,0;0;
15:58:33;0,0;0,0;0,0;0,0;0,0;0,0;0,0;0,0;0;
15:58:34;0,0;0,0;0,0;0,0;0,0;0,0;0,0;0,0;0;
15:58:34;0,0;0,0;0,0;0,0;0,0;0,0;0,0;0,0;0;
15:58:35;0,0;0,0;0,0;0,0;0,0;0,0;0,0;0,0;0;
15:58:35;0,0;0,0;0,0;0,0;0,0;0,0;0,0;0,0;0;
15:58:36;0,0;0,0;0,0;0,0;0,0;0,0;0,0;0,0;0;
15:58:36;0,0;0,0;0,0;0,0;0,0;0,0;0,0;0,0;0;
15:58:37;0,0;0,0;0,0;0,0;0,0;0,0;0,0;0,0;0;
15:58:37;0,0;0,0;0,0;0,0;0,0;0,0;0,0;0,0;0;
15:58:38;0,0;0,0;0,0;0,0;0,0;0,0;0,0;0,0;0;
15:58:38;0,0;0,0;0,0;0,0;0,0;0,0;0,0;0,0;0;
15:58:39;0,0;0,0;0,0;0,0;0,0;0,0;0,0;0,0;0;
15:58:39;0,0;0,0;0,0;0,0;0,0;0,0;0,0;0,0;0;
15:58:40;0,0;0,0;0,0;0,0;0,0;0,0;0,0;0,0;0;
15:58:40;0,0;0,0;0,0;0,0;0,0;0,0;0,0;0,0;0;
15:58:41;0,0;0,0;0,0;0,0;0,0;0,0;0,0;0,0;0;
15:58:41;0,0;0,0;0,0;0,0;0,0;0,0;0,0;0,0;0;
15:58:42;0,0;0,0;0,0;0,0;0,0;0,0;0,0;0,0;0;
15:58:42;0,0;0,0;0,0;0,0;0,0;0,0;0,0;0,0;0;
15:59:36;0,0;0,0;0,0;0,0;0,0;0,0;0,0;0,0;0;
15:59:37;0,0;0,0;0,0;0,0;0,0;0,0;0,0;0,0;0;
15:59:37;0,0;0,0;0,0;0,0;0,0;0,0;0,0;0,0;0;
15:59:38;0,0;0,0;0,0;0,0;0,0;0,0;0,0;0,0;0;
15:59:38;0,0;0,0;0,0;0,0;0,0;0,0;0,0;0,0;0;
15:59:39;0,0;0,0;0,0;0,0;0,0;0,0;0,0;0,0;0;
15:59:39;0,0;0,0;0,0;0,0;0,0;0,0;0,0;0,0;0;
15:59:40;0,0;0,0;0,0;0,0;0,0;0,0;0,0;0,0;0;
15:59:40;0,0;0,0;0,0;0,0;0,0;0,0;0,0;0,0;0;
15:59:41;0,0;0,0;0,0;0,0;0,0;0,0;0,0;0,0;0;
15:59:41;0,0;0,0;0,0;0,0;0,0;0,0;0,0;0,0;0;
15:59:42;0,0;0,0;0,0;0,0;0,0;0,0;0,0;0,0;0;
15:59:42;0,0;0,0;0,0;0,0;0,0;0,0;0,0;0,0;0;
15:59:43;0,0;0,0;0,0;0,0;0,0;0,0;0,0;0,0;0;
15:59:43;0,0;0,0;0,0;0,0;0,0;0,0;0,0;0,0;0;
15:59:44;0,0;0,0;0,0;0,0;0,0;0,0;0,0;0,0;0;
15:59:44;0,0;0,0;0,0;0,0;0,0;0,0;0,0;0,0;0;
15:59:45;0,0;0,0;0,0;0,0;0,0;0,0;0,0;0,0;0;
15:59:45;0,0;0,0;0,0;0,0;0,0;0,0;0,0;0,0;0;
15:59:46;0,0;0,0;0,0;0,0;0,0;0,0;0,0;0,0;0;
15:59:46;0,0;0,0;0,0;0,0;0,0;0,0;0,0;0,0;0;
15:59:47;0,0;0,0;0,0;0,0;0,0;0,0;0,0;0,0;0;
15:59:47;0,0;0,0;0,0;0,0;0,0;0,0;0,0;0,0;0;
15:59:48;0,0;0,0;0,0;0,0;0,0;0,0;0,0;0,0;0;
15:59:48;0,0;0,0;0,0;0,0;0,0;0,0;0,0;0,0;0;
15:59:49;0,0;0,0;0,0;0,0;0,0;0,0;0,0;0,0;0;
15:59:49;0,0;0,0;0,0;0,0;0,0;0,0;0,0;0,0;0;
15:59:50;0,0;0,0;0,0;0,0;0,0;0,0;0,0;0,0;0;
15:59:50;0,0;0,0;0,0;0,0;0,0;0,0;0,0;0,0;0;
15:59:51;0,0;0,0;0,0;0,0;0,0;0,0;0,0;0,0;0;
15:59:51;0,0;0,0;0,0;0,0;0,0;0,0;0,0;0,0;0;
15:59:52;0,0;0,0;0,0;0,0;0,0;0,0;0,0;0,0;0;
15:59:52;0,0;0,0;0,0;0,0;0,0;0,0;0,0;0,0;0;
15:59:53;0,0;0,0;0,0;0,0;0,0;0,0;0,0;0,0;0;
15:59:53;0,0;0,0;0,0;0,0;0,0;0,0;0,0;0,0;0;
15:59:54;0,0;0,0;0,0;0,0;0,0;0,0;0,0;0,0;0;
15:59:54;0,0;0,0;0,0;0,0;0,0;0,0;0,0;0,0;0;
15:59:55;0,0;0,0;0,0;0,0;0,0;0,0;0,0;0,0;0;
15:59:55;0,0;0,0;0,0;0,0;0,0;0,0;0,0;0,0;0;
15:59:56;0,0;0,0;0,0;0,0;0,0;0,0;0,0;0,0;0;
15:59:56;0,0;0,0;0,0;0,0;0,0;0,0;0,0;0,0;0;
15:59:57;0,0;0,0;0,0;0,0;0,0;0,0;0,0;0,0;0;
15:59:57;0,0;0,0;0,0;0,0;0,0;0,0;0,0;0,0;0;
15:59:58;0,0;0,0;0,0;0,0;0,0;0,0;0,0;0,0;0;
15:59:58;0,0;0,0;0,0;0,0;0,0;0,0;0,0;0,0;0;
15:59:59;0,0;0,0;0,0;0,0;0,0;0,0;0,0;0,0;0;
15:59:59;0,0;0,0;0,0;0,0;0,0;0,0;0,0;0,0;0;
16:00:00;0,0;0,0;0,0;0,0;0,0;0,0;0,0;0,0;0;
16:00:00;0,0;0,0;0,0;0,0;0,0;0,0;0,0;0,0;0;
16:00:01;0,0;0,0;0,0;0,0;0,0;0,0;0,0;0,0;0;
16:00:02;0,0;0,0;0,0;0,0;0,0;0,0;0,0;0,0;0;
16:00:02;0,0;0,0;0,0;0,0;0,0;0,0;0,0;0,0;0;
16:00:03;0,0;0,0;0,0;0,0;0,0;0,0;0,0;0,0;0;
16:00:03;0,0;0,0;0,0;0,0;0,0;0,0;0,0;0,0;0;
16:00:04;0,0;0,0;0,0;0,0;0,0;0,0;0,0;0,0;0;
16:00:04;0,0;0,0;0,0;0,0;0,0;0,0;0,0;0,0;0;
16:00:05;0,0;0,0;0,0;0,0;0,0;0,0;0,0;0,0;0;
16:00:05;0,0;0,0;0,0;0,0;0,0;0,0;0,0;0,0;0;
16:00:06;0,0;0,0;0,0;0,0;0,0;0,0;0,0;0,0;0;
16:00:06;0,0;0,0;0,0;0,0;0,0;0,0;0,0;0,0;0;
16:00:07;0,0;0,0;0,0;0,0;0,0;0,0;0,0;0,0;0;
16:00:07;0,0;0,0;0,0;0,0;0,0;0,0;0,0;0,0;0;
16:00:08;0,0;0,0;0,0;0,0;0,0;0,0;0,0;0,0;0;
16:00:08;0,0;0,0;0,0;0,0;0,0;0,0;0,0;0,0;0;
16:00:09;0,0;0,0;0,0;0,0;0,0;0,0;0,0;0,0;0;
16:00:09;0,0;0,0;0,0;0,0;0,0;0,0;0,0;0,0;0;
16:00:10;0,0;0,0;0,0;0,0;0,0;0,0;0,0;0,0;0;
16:00:10;0,0;0,0;0,0;0,0;0,0;0,0;0,0;0,0;0;
16:00:11;0,0;0,0;0,0;0,0;0,0;0,0;0,0;0,0;0;
16:00:11;0,0;0,0;0,0;0,0;0,0;0,0;0,0;0,0;0;
16:00:12;0,0;0,0;0,0;0,0;0,0;0,0;0,0;0,0;0;
16:00:12;0,0;0,0;0,0;0,0;0,0;0,0;0,0;0,0;0;
16:00:13;0,0;0,0;0,0;0,0;0,0;0,0;0,0;0,0;0;
16:00:13;0,0;0,0;0,0;0,0;0,0;0,0;0,0;0,0;0;
16:00:14;0,0;0,0;0,0;0,0;0,0;0,0;0,0;0,0;0;
16:00:14;0,0;0,0;0,0;0,0;0,0;0,0;0,0;0,0;0;
16:00:15;0,0;0,0;0,0;0,0;0,0;0,0;0,0;0,0;0;
16:00:15;0,0;0,0;0,0;0,0;0,0;0,0;0,0;0,0;0;
16:00:16;0,0;0,0;0,0;0,0;0,0;0,0;0,0;0,0;0;
16:00:16;0,0;0,0;0,0;0,0;0,0;0,0;0,0;0,0;0;
16:00:17;0,0;0,0;0,0;0,0;0,0;0,0;0,0;0,0;0;
16:00:17;0,0;0,0;0,0;0,0;0,0;0,0;0,0;0,0;0;
16:00:18;0,0;0,0;0,0;0,0;0,0;0,0;0,0;0,0;0;
16:00:18;0,0;0,0;0,0;0,0;0,0;0,0;0,0;0,0;0;
16:00:19;0,0;0,0;0,0;0,0;0,0;0,0;0,0;0,0;0;
16:00:19;0,0;0,0;0,0;0,0;0,0;0,0;0,0;0,0;0;
16:00:20;0,0;0,0;0,0;0,0;0,0;0,0;0,0;0,0;0;
16:00:20;0,0;0,0;0,0;0,0;0,0;0,0;0,0;0,0;0;
16:00:21;0,0;0,0;0,0;0,0;0,0;0,0;0,0;0,0;0;
16:00:21;0,0;0,0;0,0;0,0;0,0;0,0;0,0;0,0;0;
16:00:22;0,0;0,0;0,0;0,0;0,0;0,0;0,0;0,0;0;
16:00:22;0,0;0,0;0,0;0,0;0,0;0,0;0,0;0,0;0;
16:00:23;0,0;0,0;0,0;0,0;0,0;0,0;0,0;0,0;0;
16:00:23;0,0;0,0;0,0;0,0;0,0;0,0;0,0;0,0;0;
16:00:24;0,0;0,0;0,0;0,0;0,0;0,0;0,0;0,0;0;
16:00:24;0,0;0,0;0,0;0,0;0,0;0,0;0,0;0,0;0;
16:00:25;0,0;0,0;0,0;0,0;0,0;0,0;0,0;0,0;0;
16:00:25;0,0;0,0;0,0;0,0;0,0;0,0;0,0;0,0;0;
16:00:26;0,0;0,0;0,0;0,0;0,0;0,0;0,0;0,0;0;
16:00:26;0,0;0,0;0,0;0,0;0,0;0,0;0,0;0,0;0;
16:00:27;0,0;0,0;0,0;0,0;0,0;0,0;0,0;0,0;0;
16:00:27;0,0;0,0;0,0;0,0;0,0;0,0;0,0;0,0;0;
16:00:28;0,0;0,0;0,0;0,0;0,0;0,0;0,0;0,0;0;
16:00:28;0,0;0,0;0,0;0,0;0,0;0,0;0,0;0,0;0;
16:00:29;0,0;0,0;0,0;0,0;0,0;0,0;0,0;0,0;0;
16:00:29;0,0;0,0;0,0;0,0;0,0;0,0;0,0;0,0;0;
16:00:30;0,0;0,0;0,0;0,0;0,0;0,0;0,0;0,0;0;
16:00:30;0,0;0,0;0,0;0,0;0,0;0,0;0,0;0,0;0;
16:00:31;0,0;0,0;0,0;0,0;0,0;0,0;0,0;0,0;0;
16:00:31;0,0;0,0;0,0;0,0;0,0;0,0;0,0;0,0;0;
16:00:32;0,0;0,0;0,0;0,0;0,0;0,0;0,0;0,0;0;
16:00:32;0,0;0,0;0,0;0,0;0,0;0,0;0,0;0,0;0;
16:00:33;0,0;0,0;0,0;0,0;0,0;0,0;0,0;0,0;0;
16:00:33;0,0;0,0;0,0;0,0;0,0;0,0;0,0;0,0;0;
16:00:34;0,0;0,0;0,0;0,0;0,0;0,0;0,0;0,0;0;
16:00:34;0,0;0,0;0,0;0,0;0,0;0,0;0,0;0,0;0;
16:00:35;0,0;0,0;0,0;0,0;0,0;0,0;0,0;0,0;0;
16:00:35;0,0;0,0;0,0;0,0;0,0;0,0;0,0;0,0;0;
16:00:36;0,0;0,0;0,0;0,0;0,0;0,0;0,0;0,0;0;
16:00:36;0,0;0,0;0,0;0,0;0,0;0,0;0,0;0,0;0;
16:00:37;0,0;0,0;0,0;0,0;0,0;0,0;0,0;0,0;0;
16:00:38;0,0;0,0;0,0;0,0;0,0;0,0;0,0;0,0;0;
16:00:38;0,0;0,0;0,0;0,0;0,0;0,0;0,0;0,0;0;
16:00:39;0,0;0,0;0,0;0,0;0,0;0,0;0,0;0,0;0;
16:00:39;0,0;0,0;0,0;0,0;0,0;0,0;0,0;0,0;0;
16:00:40;0,0;0,0;0,0;0,0;0,0;0,0;0,0;0,0;0;
16:00:40;0,0;0,0;0,0;0,0;0,0;0,0;0,0;0,0;0;
16:00:41;0,0;0,0;0,0;0,0;0,0;0,0;0,0;0,0;0;
16:00:41;0,0;0,0;0,0;0,0;0,0;0,0;0,0;0,0;0;
16:00:42;0,0;0,0;0,0;0,0;0,0;0,0;0,0;0,0;0;
16:00:42;0,0;0,0;0,0;0,0;0,0;0,0;0,0;0,0;0;
16:00:43;0,0;0,0;0,0;0,0;0,0;0,0;0,0;0,0;0;
16:00:43;0,0;0,0;0,0;0,0;0,0;0,0;0,0;0,0;0;
16:00:44;0,0;0,0;0,0;0,0;0,0;0,0;0,0;0,0;0;
16:00:44;0,0;0,0;0,0;0,0;0,0;0,0;0,0;0,0;0;
16:00:45;0,0;0,0;0,0;0,0;0,0;0,0;0,0;0,0;0;
16:00:45;0,0;0,0;0,0;0,0;0,0;0,0;0,0;0,0;0;
16:00:46;0,0;0,0;0,0;0,0;0,0;0,0;0,0;0,0;0;
16:00:46;0,0;0,0;0,0;0,0;0,0;0,0;0,0;0,0;0;
16:00:47;0,0;0,0;0,0;0,0;0,0;0,0;0,0;0,0;0;
16:00:47;0,0;0,0;0,0;0,0;0,0;0,0;0,0;0,0;0;
16:00:48;0,0;0,0;0,0;0,0;0,0;0,0;0,0;0,0;0;
16:00:48;0,0;0,0;0,0;0,0;0,0;0,0;0,0;0,0;0;
16:00:49;0,0;0,0;0,0;0,0;0,0;0,0;0,0;0,0;0;
16:00:49;0,0;0,0;0,0;0,0;0,0;0,0;0,0;0,0;0;
16:00:50;0,0;0,0;0,0;0,0;0,0;0,0;0,0;0,0;0;
16:00:50;0,0;0,0;0,0;0,0;0,0;0,0;0,0;0,0;0;
16:00:51;0,0;0,0;0,0;0,0;0,0;0,0;0,0;0,0;0;
16:00:51;0,0;0,0;0,0;0,0;0,0;0,0;0,0;0,0;0;
16:00:52;0,0;0,0;0,0;0,0;0,0;0,0;0,0;0,0;0;
16:00:52;0,0;0,0;0,0;0,0;0,0;0,0;0,0;0,0;0;
16:00:53;0,0;0,0;0,0;0,0;0,0;0,0;0,0;0,0;0;
16:00:53;0,0;0,0;0,0;0,0;0,0;0,0;0,0;0,0;0;
16:00:54;0,0;0,0;0,0;0,0;0,0;0,0;0,0;0,0;0;
16:00:54;0,0;0,0;0,0;0,0;0,0;0,0;0,0;0,0;0;
16:00:55;0,0;0,0;0,0;0,0;0,0;0,0;0,0;0,0;0;
16:00:55;0,0;0,0;0,0;0,0;0,0;0,0;0,0;0,0;0;
16:00:56;0,0;0,0;0,0;0,0;0,0;0,0;0,0;0,0;0;
16:00:56;0,0;0,0;0,0;0,0;0,0;0,0;0,0;0,0;0;
16:00:57;0,0;0,0;0,0;0,0;0,0;0,0;0,0;0,0;0;
16:00:57;0,0;0,0;0,0;0,0;0,0;0,0;0,0;0,0;0;
16:00:58;0,0;0,0;0,0;0,0;0,0;0,0;0,0;0,0;0;
16:00:58;0,0;0,0;0,0;0,0;0,0;0,0;0,0;0,0;0;
16:00:59;0,0;0,0;0,0;0,0;0,0;0,0;0,0;0,0;0;
16:00:59;0,0;0,0;0,0;0,0;0,0;0,0;0,0;0,0;0;
16:01:00;0,0;0,0;0,0;0,0;0,0;0,0;0,0;0,0;0;
16:01:00;0,0;0,0;0,0;0,0;0,0;0,0;0,0;0,0;0;
16:01:01;0,0;0,0;0,0;0,0;0,0;0,0;0,0;0,0;0;
16:01:01;0,0;0,0;0,0;0,0;0,0;0,0;0,0;0,0;0;
16:01:02;0,0;0,0;0,0;0,0;0,0;0,0;0,0;0,0;0;
16:01:02;0,0;0,0;0,0;0,0;0,0;0,0;0,0;0,0;0;
16:01:03;0,0;0,0;0,0;0,0;0,0;0,0;0,0;0,0;0;
16:01:03;0,0;0,0;0,0;0,0;0,0;0,0;0,0;0,0;0;
16:01:04;0,0;0,0;0,0;0,0;0,0;0,0;0,0;0,0;0;
16:01:04;0,0;0,0;0,0;0,0;0,0;0,0;0,0;0,0;0;
16:01:05;0,0;0,0;0,0;0,0;0,0;0,0;0,0;0,0;0;
16:01:05;0,0;0,0;0,0;0,0;0,0;0,0;0,0;0,0;0;
16:01:06;0,0;0,0;0,0;0,0;0,0;0,0;0,0;0,0;0;
16:01:06;0,0;0,0;0,0;0,0;0,0;0,0;0,0;0,0;0;
16:01:07;0,0;0,0;0,0;0,0;0,0;0,0;0,0;0,0;0;
16:01:07;0,0;0,0;0,0;0,0;0,0;0,0;0,0;0,0;0;
16:01:08;0,0;0,0;0,0;0,0;0,0;0,0;0,0;0,0;0;
16:01:08;0,0;0,0;0,0;0,0;0,0;0,0;0,0;0,0;0;
16:01:09;0,0;0,0;0,0;0,0;0,0;0,0;0,0;0,0;0;
16:01:09;0,0;0,0;0,0;0,0;0,0;0,0;0,0;0,0;0;
16:01:10;0,0;0,0;0,0;0,0;0,0;0,0;0,0;0,0;0;
16:01:10;0,0;0,0;0,0;0,0;0,0;0,0;0,0;0,0;0;
16:01:11;0,0;0,0;0,0;0,0;0,0;0,0;0,0;0,0;0;
16:01:11;0,0;0,0;0,0;0,0;0,0;0,0;0,0;0,0;0;
16:01:12;0,0;0,0;0,0;0,0;0,0;0,0;0,0;0,0;0;
16:01:12;0,0;0,0;0,0;0,0;0,0;0,0;0,0;0,0;0;
16:01:13;0,0;0,0;0,0;0,0;0,0;0,0;0,0;0,0;0;
16:01:14;0,0;0,0;0,0;0,0;0,0;0,0;0,0;0,0;0;
16:01:14;0,0;0,0;0,0;0,0;0,0;0,0;0,0;0,0;0;
16:01:15;0,0;0,0;0,0;0,0;0,0;0,0;0,0;0,0;0;
16:01:15;0,0;0,0;0,0;0,0;0,0;0,0;0,0;0,0;0;
16:01:16;0,0;0,0;0,0;0,0;0,0;0,0;0,0;0,0;0;
16:01:16;0,0;0,0;0,0;0,0;0,0;0,0;0,0;0,0;0;
16:01:17;0,0;0,0;0,0;0,0;0,0;0,0;0,0;0,0;0;
16:01:17;0,0;0,0;0,0;0,0;0,0;0,0;0,0;0,0;0;
16:01:18;0,0;0,0;0,0;0,0;0,0;0,0;0,0;0,0;0;
16:01:18;0,0;0,0;0,0;0,0;0,0;0,0;0,0;0,0;0;
16:01:19;0,0;0,0;0,0;0,0;0,0;0,0;0,0;0,0;0;
16:01:19;0,0;0,0;0,0;0,0;0,0;0,0;0,0;0,0;0;
16:01:20;0,0;0,0;0,0;0,0;0,0;0,0;0,0;0,0;0;
16:01:20;0,0;0,0;0,0;0,0;0,0;0,0;0,0;0,0;0;
16:01:21;0,0;0,0;0,0;0,0;0,0;0,0;0,0;0,0;0;
16:01:21;0,0;0,0;0,0;0,0;0,0;0,0;0,0;0,0;0;
16:01:22;0,0;0,0;0,0;0,0;0,0;0,0;0,0;0,0;0;
16:01:22;0,0;0,0;0,0;0,0;0,0;0,0;0,0;0,0;0;
16:01:23;0,0;0,0;0,0;0,0;0,0;0,0;0,0;0,0;0;
16:01:23;0,0;0,0;0,0;0,0;0,0;0,0;0,0;0,0;0;
16:01:24;0,0;0,0;0,0;0,0;0,0;0,0;0,0;0,0;0;
16:01:24;0,0;0,0;0,0;0,0;0,0;0,0;0,0;0,0;0;
16:01:25;0,0;0,0;0,0;0,0;0,0;0,0;0,0;0,0;0;
16:01:25;0,0;0,0;0,0;0,0;0,0;0,0;0,0;0,0;0;
16:01:26;0,0;0,0;0,0;0,0;0,0;0,0;0,0;0,0;0;
16:01:26;0,0;0,0;0,0;0,0;0,0;0,0;0,0;0,0;0;
16:01:27;0,0;0,0;0,0;0,0;0,0;0,0;0,0;0,0;0;
16:01:27;0,0;0,0;0,0;0,0;0,0;0,0;0,0;0,0;0;
16:01:28;0,0;0,0;0,0;0,0;0,0;0,0;0,0;0,0;0;
16:01:28;0,0;0,0;0,0;0,0;0,0;0,0;0,0;0,0;0;
16:01:29;0,0;0,0;0,0;0,0;0,0;0,0;0,0;0,0;0;
16:01:29;0,0;0,0;0,0;0,0;0,0;0,0;0,0;0,0;0;
16:01:30;0,0;0,0;0,0;0,0;0,0;0,0;0,0;0,0;0;
16:01:30;0,0;0,0;0,0;0,0;0,0;0,0;0,0;0,0;0;
16:01:31;0,0;0,0;0,0;0,0;0,0;0,0;0,0;0,0;0;
16:01:31;0,0;0,0;0,0;0,0;0,0;0,0;0,0;0,0;0;
16:01:32;0,0;0,0;0,0;0,0;0,0;0,0;0,0;0,0;0;
16:01:32;0,0;0,0;0,0;0,0;0,0;0,0;0,0;0,0;0;
16:01:33;0,0;0,0;0,0;0,0;0,0;0,0;0,0;0,0;0;
16:01:33;0,0;0,0;0,0;0,0;0,0;0,0;0,0;0,0;0;
16:01:34;0,0;0,0;0,0;0,0;0,0;0,0;0,0;0,0;0;
16:01:34;0,0;0,0;0,0;0,0;0,0;0,0;0,0;0,0;0;
16:01:35;0,0;0,0;0,0;0,0;0,0;0,0;0,0;0,0;0;
16:01:35;0,0;0,0;0,0;0,0;0,0;0,0;0,0;0,0;0;
16:01:36;0,0;0,0;0,0;0,0;0,0;0,0;0,0;0,0;0;
16:01:36;0,0;0,0;0,0;0,0;0,0;0,0;0,0;0,0;0;
16:01:37;0,0;0,0;0,0;0,0;0,0;0,0;0,0;0,0;0;
16:01:37;0,0;0,0;0,0;0,0;0,0;0,0;0,0;0,0;0;
16:01:38;0,0;0,0;0,0;0,0;0,0;0,0;0,0;0,0;0;
16:01:38;0,0;0,0;0,0;0,0;0,0;0,0;0,0;0,0;0;
16:01:39;0,0;0,0;0,0;0,0;0,0;0,0;0,0;0,0;0;
16:01:39;0,0;0,0;0,0;0,0;0,0;0,0;0,0;0,0;0;
16:01:40;0,0;0,0;0,0;0,0;0,0;0,0;0,0;0,0;0;
16:01:40;0,0;0,0;0,0;0,0;0,0;0,0;0,0;0,0;0;
16:01:41;0,0;0,0;0,0;0,0;0,0;0,0;0,0;0,0;0;
16:01:41;0,0;0,0;0,0;0,0;0,0;0,0;0,0;0,0;0;
16:01:42;0,0;0,0;0,0;0,0;0,0;0,0;0,0;0,0;0;
16:01:42;0,0;0,0;0,0;0,0;0,0;0,0;0,0;0,0;0;
16:01:43;0,0;0,0;0,0;0,0;0,0;0,0;0,0;0,0;0;
16:01:43;0,0;0,0;0,0;0,0;0,0;0,0;0,0;0,0;0;
16:01:44;0,0;0,0;0,0;0,0;0,0;0,0;0,0;0,0;0;
16:01:44;0,0;0,0;0,0;0,0;0,0;0,0;0,0;0,0;0;
16:01:45;0,0;0,0;0,0;0,0;0,0;0,0;0,0;0,0;0;
16:01:45;0,0;0,0;0,0;0,0;0,0;0,0;0,0;0,0;0;
16:01:46;0,0;0,0;0,0;0,0;0,0;0,0;0,0;0,0;0;
16:01:46;0,0;0,0;0,0;0,0;0,0;0,0;0,0;0,0;0;
16:01:47;0,0;0,0;0,0;0,0;0,0;0,0;0,0;0,0;0;
16:01:47;0,0;0,0;0,0;0,0;0,0;0,0;0,0;0,0;0;
16:01:48;0,0;0,0;0,0;0,0;0,0;0,0;0,0;0,0;0;
16:01:49;0,0;0,0;0,0;0,0;0,0;0,0;0,0;0,0;0;
16:01:49;0,0;0,0;0,0;0,0;0,0;0,0;0,0;0,0;0;
16:01:50;0,0;0,0;0,0;0,0;0,0;0,0;0,0;0,0;0;
16:01:50;0,0;0,0;0,0;0,0;0,0;0,0;0,0;0,0;0;
16:01:51;0,0;0,0;0,0;0,0;0,0;0,0;0,0;0,0;0;
16:01:51;0,0;0,0;0,0;0,0;0,0;0,0;0,0;0,0;0;
16:01:52;0,0;0,0;0,0;0,0;0,0;0,0;0,0;0,0;0;
16:01:52;0,0;0,0;0,0;0,0;0,0;0,0;0,0;0,0;0;
16:01:53;0,0;0,0;0,0;0,0;0,0;0,0;0,0;0,0;0;
16:01:53;0,0;0,0;0,0;0,0;0,0;0,0;0,0;0,0;0;
16:01:54;0,0;0,0;0,0;0,0;0,0;0,0;0,0;0,0;0;
16:01:54;0,0;0,0;0,0;0,0;0,0;0,0;0,0;0,0;0;
16:01:55;0,0;0,0;0,0;0,0;0,0;0,0;0,0;0,0;0;
16:01:55;0,0;0,0;0,0;0,0;0,0;0,0;0,0;0,0;0;
16:01:56;0,0;0,0;0,0;0,0;0,0;0,0;0,0;0,0;0;
16:01:56;0,0;0,0;0,0;0,0;0,0;0,0;0,0;0,0;0;
16:01:57;0,0;0,0;0,0;0,0;0,0;0,0;0,0;0,0;0;
16:01:57;0,0;0,0;0,0;0,0;0,0;0,0;0,0;0,0;0;
16:01:58;0,0;0,0;0,0;0,0;0,0;0,0;0,0;0,0;0;
16:01:58;0,0;0,0;0,0;0,0;0,0;0,0;0,0;0,0;0;
16:01:59;0,0;0,0;0,0;0,0;0,0;0,0;0,0;0,0;0;
16:01:59;0,0;0,0;0,0;0,0;0,0;0,0;0,0;0,0;0;
16:08:26;0,0;0,0;0,0;0,0;0,0;0,0;0,0;0,0;0;
16:08:26;0,0;0,0;0,0;0,0;0,0;0,0;0,0;0,0;0;
16:08:27;0,0;0,0;0,0;0,0;0,0;0,0;0,0;0,0;0;
16:08:27;0,0;0,0;0,0;0,0;0,0;0,0;0,0;0,0;0;
16:08:28;0,0;0,0;0,0;0,0;0,0;0,0;0,0;0,0;0;
16:08:28;0,0;0,0;0,0;0,0;0,0;0,0;0,0;0,0;0;
16:08:29;0,0;0,0;0,0;0,0;0,0;0,0;0,0;0,0;0;
16:08:29;0,0;0,0;0,0;0,0;0,0;0,0;0,0;0,0;0;
16:08:30;0,0;0,0;0,0;0,0;0,0;0,0;0,0;0,0;0;
16:08:30;0,0;0,0;0,0;0,0;0,0;0,0;0,0;0,0;0;
16:08:31;0,0;0,0;0,0;0,0;0,0;0,0;0,0;0,0;0;
16:08:31;0,0;0,0;0,0;0,0;0,0;0,0;0,0;0,0;0;
16:08:32;0,0;0,0;0,0;0,0;0,0;0,0;0,0;0,0;0;
16:08:32;0,0;0,0;0,0;0,0;0,0;0,0;0,0;0,0;0;
16:08:33;0,0;0,0;0,0;0,0;0,0;0,0;0,0;0,0;0;
16:08:33;0,0;0,0;0,0;0,0;0,0;0,0;0,0;0,0;0;
16:08:34;0,0;0,0;0,0;0,0;0,0;0,0;0,0;0,0;0;
16:08:34;0,0;0,0;0,0;0,0;0,0;0,0;0,0;0,0;0;
16:08:35;0,0;0,0;0,0;0,0;0,0;0,0;0,0;0,0;0;
16:08:35;0,0;0,0;0,0;0,0;0,0;0,0;0,0;0,0;0;
16:08:36;0,0;0,0;0,0;0,0;0,0;0,0;0,0;0,0;0;
16:08:36;0,0;0,0;0,0;0,0;0,0;0,0;0,0;0,0;0;
16:08:37;0,0;0,0;0,0;0,0;0,0;0,0;0,0;0,0;0;
16:08:37;0,0;0,0;0,0;0,0;0,0;0,0;0,0;0,0;0;
16:08:38;0,0;0,0;0,0;0,0;0,0;0,0;0,0;0,0;0;
16:08:39;0,0;0,0;0,0;0,0;0,0;0,0;0,0;0,0;0;
16:08:39;0,0;0,0;0,0;0,0;0,0;0,0;0,0;0,0;0;
16:08:40;0,0;0,0;0,0;0,0;0,0;0,0;0,0;0,0;0;
16:08:40;0,0;0,0;0,0;0,0;0,0;0,0;0,0;0,0;0;
16:08:41;0,0;0,0;0,0;0,0;0,0;0,0;0,0;0,0;0;
16:08:41;0,0;0,0;0,0;0,0;0,0;0,0;0,0;0,0;0;
16:08:42;0,0;0,0;0,0;0,0;0,0;0,0;0,0;0,0;0;
16:08:42;0,0;0,0;0,0;0,0;0,0;0,0;0,0;0,0;0;
16:08:43;0,0;0,0;0,0;0,0;0,0;0,0;0,0;0,0;0;
16:08:43;0,0;0,0;0,0;0,0;0,0;0,0;0,0;0,0;0;
16:08:44;0,0;0,0;0,0;0,0;0,0;0,0;0,0;0,0;0;
16:08:44;0,0;0,0;0,0;0,0;0,0;0,0;0,0;0,0;0;
16:08:45;0,0;0,0;0,0;0,0;0,0;0,0;0,0;0,0;0;
16:08:45;0,0;0,0;0,0;0,0;0,0;0,0;0,0;0,0;0;
16:08:46;0,0;0,0;0,0;0,0;0,0;0,0;0,0;0,0;0;
16:08:46;0,0;0,0;0,0;0,0;0,0;0,0;0,0;0,0;0;
16:08:47;0,0;0,0;0,0;0,0;0,0;0,0;0,0;0,0;0;
16:08:47;0,0;0,0;0,0;0,0;0,0;0,0;0,0;0,0;0;
16:08:48;0,0;0,0;0,0;0,0;0,0;0,0;0,0;0,0;0;
16:08:48;0,0;0,0;0,0;0,0;0,0;0,0;0,0;0,0;0;
16:08:49;0,0;0,0;0,0;0,0;0,0;0,0;0,0;0,0;0;
16:08:49;0,0;0,0;0,0;0,0;0,0;0,0;0,0;0,0;0;
16:08:50;0,0;0,0;0,0;0,0;0,0;0,0;0,0;0,0;0;
16:08:50;0,0;0,0;0,0;0,0;0,0;0,0;0,0;0,0;0;
16:08:51;0,0;0,0;0,0;0,0;0,0;0,0;0,0;0,0;0;
16:08:51;0,0;0,0;0,0;0,0;0,0;0,0;0,0;0,0;0;
16:08:52;0,0;0,0;0,0;0,0;0,0;0,0;0,0;0,0;0;
16:08:52;0,0;0,0;0,0;0,0;0,0;0,0;0,0;0,0;0;
16:08:53;0,0;0,0;0,0;0,0;0,0;0,0;0,0;0,0;0;
16:08:53;0,0;0,0;0,0;0,0;0,0;0,0;0,0;0,0;0;
16:08:54;0,0;0,0;0,0;0,0;0,0;0,0;0,0;0,0;0;
16:08:54;0,0;0,0;0,0;0,0;0,0;0,0;0,0;0,0;0;
16:08:55;0,0;0,0;0,0;0,0;0,0;0,0;0,0;0,0;0;
16:08:55;0,0;0,0;0,0;0,0;0,0;0,0;0,0;0,0;0;
16:08:56;0,0;0,0;0,0;0,0;0,0;0,0;0,0;0,0;0;
16:08:56;0,0;0,0;0,0;0,0;0,0;0,0;0,0;0,0;0;
16:12:12;0,0;0,0;0,0;0,0;0,0;0,0;0,0;0,0;0;
16:12:12;0,0;0,0;0,0;0,0;0,0;0,0;0,0;0,0;0;
16:12:13;0,0;0,0;0,0;0,0;0,0;0,0;0,0;0,0;0;
16:12:13;0,0;0,0;0,0;0,0;0,0;0,0;0,0;0,0;0;
16:12:14;0,0;0,0;0,0;0,0;0,0;0,0;0,0;0,0;0;
16:12:14;0,0;0,0;0,0;0,0;0,0;0,0;0,0;0,0;0;
16:12:15;0,0;0,0;0,0;0,0;0,0;0,0;0,0;0,0;0;
16:12:15;0,0;0,0;0,0;0,0;0,0;0,0;0,0;0,0;0;
16:12:16;0,0;0,0;0,0;0,0;0,0;0,0;0,0;0,0;0;
16:12:16;0,0;0,0;0,0;0,0;0,0;0,0;0,0;0,0;0;
16:12:17;0,0;0,0;0,0;0,0;0,0;0,0;0,0;0,0;0;
16:12:17;0,0;0,0;0,0;0,0;0,0;0,0;0,0;0,0;0;
16:12:18;0,0;0,0;0,0;0,0;0,0;0,0;0,0;0,0;0;
16:12:18;0,0;0,0;0,0;0,0;0,0;0,0;0,0;0,0;0;
16:12:19;0,0;0,0;0,0;0,0;0,0;0,0;0,0;0,0;0;
16:12:19;0,0;0,0;0,0;0,0;0,0;0,0;0,0;0,0;0;
16:12:20;0,0;0,0;0,0;0,0;0,0;0,0;0,0;0,0;0;
16:12:20;0,0;0,0;0,0;0,0;0,0;0,0;0,0;0,0;0;
16:12:21;0,0;0,0;0,0;0,0;0,0;0,0;0,0;0,0;0;
16:12:21;0,0;0,0;0,0;0,0;0,0;0,0;0,0;0,0;0;
16:12:22;0,0;0,0;0,0;0,0;0,0;0,0;0,0;0,0;0;
16:12:22;0,0;0,0;0,0;0,0;0,0;0,0;0,0;0,0;0;
16:12:23;0,0;0,0;0,0;0,0;0,0;0,0;0,0;0,0;0;
16:12:23;0,0;0,0;0,0;0,0;0,0;0,0;0,0;0,0;0;
16:12:24;0,0;0,0;0,0;0,0;0,0;0,0;0,0;0,0;0;
16:12:24;0,0;0,0;0,0;0,0;0,0;0,0;0,0;0,0;0;
16:12:25;0,0;0,0;0,0;0,0;0,0;0,0;0,0;0,0;0;
16:12:25;0,0;0,0;0,0;0,0;0,0;0,0;0,0;0,0;0;
16:12:26;0,0;0,0;0,0;0,0;0,0;0,0;0,0;0,0;0;
16:12:26;0,0;0,0;0,0;0,0;0,0;0,0;0,0;0,0;0;
16:12:27;0,0;0,0;0,0;0,0;0,0;0,0;0,0;0,0;0;
16:12:27;0,0;0,0;0,0;0,0;0,0;0,0;0,0;0,0;0;
16:12:28;0,0;0,0;0,0;0,0;0,0;0,0;0,0;0,0;0;
16:12:28;0,0;0,0;0,0;0,0;0,0;0,0;0,0;0,0;0;
16:12:29;0,0;0,0;0,0;0,0;0,0;0,0;0,0;0,0;0;
16:12:29;0,0;0,0;0,0;0,0;0,0;0,0;0,0;0,0;0;
16:12:30;0,0;0,0;0,0;0,0;0,0;0,0;0,0;0,0;0;
16:12:30;0,0;0,0;0,0;0,0;0,0;0,0;0,0;0,0;0;
16:12:31;0,0;0,0;0,0;0,0;0,0;0,0;0,0;0,0;0;
16:12:31;0,0;0,0;0,0;0,0;0,0;0,0;0,0;0,0;0;
16:12:32;0,0;0,0;0,0;0,0;0,0;0,0;0,0;0,0;0;
16:12:32;0,0;0,0;0,0;0,0;0,0;0,0;0,0;0,0;0;
16:12:33;0,0;0,0;0,0;0,0;0,0;0,0;0,0;0,0;0;
16:12:33;0,0;0,0;0,0;0,0;0,0;0,0;0,0;0,0;0;
16:12:34;0,0;0,0;0,0;0,0;0,0;0,0;0,0;0,0;0;
16:12:34;0,0;0,0;0,0;0,0;0,0;0,0;0,0;0,0;0;
16:12:35;0,0;0,0;0,0;0,0;0,0;0,0;0,0;0,0;0;
16:12:35;0,0;0,0;0,0;0,0;0,0;0,0;0,0;0,0;0;
16:12:36;0,0;0,0;0,0;0,0;0,0;0,0;0,0;0,0;0;
16:12:36;0,0;0,0;0,0;0,0;0,0;0,0;0,0;0,0;0;
16:12:37;0,0;0,0;0,0;0,0;0,0;0,0;0,0;0,0;0;
16:12:37;0,0;0,0;0,0;0,0;0,0;0,0;0,0;0,0;0;
16:12:38;0,0;0,0;0,0;0,0;0,0;0,0;0,0;0,0;0;
16:12:38;0,0;0,0;0,0;0,0;0,0;0,0;0,0;0,0;0;
16:12:39;0,0;0,0;0,0;0,0;0,0;0,0;0,0;0,0;0;
16:12:39;0,0;0,0;0,0;0,0;0,0;0,0;0,0;0,0;0;
16:12:40;0,0;0,0;0,0;0,0;0,0;0,0;0,0;0,0;0;
16:12:40;0,0;0,0;0,0;0,0;0,0;0,0;0,0;0,0;0;
16:12:41;0,0;0,0;0,0;0,0;0,0;0,0;0,0;0,0;0;
16:12:41;0,0;0,0;0,0;0,0;0,0;0,0;0,0;0,0;0;
16:12:42;0,0;0,0;0,0;0,0;0,0;0,0;0,0;0,0;0;
16:12:42;0,0;0,0;0,0;0,0;0,0;0,0;0,0;0,0;0;
16:12:43;0,0;0,0;0,0;0,0;0,0;0,0;0,0;0,0;0;
16:12:43;0,0;0,0;0,0;0,0;0,0;0,0;0,0;0,0;0;
16:12:44;0,0;0,0;0,0;0,0;0,0;0,0;0,0;0,0;0;
16:12:45;0,0;0,0;0,0;0,0;0,0;0,0;0,0;0,0;0;
16:12:45;0,0;0,0;0,0;0,0;0,0;0,0;0,0;0,0;0;
16:12:46;0,0;0,0;0,0;0,0;0,0;0,0;0,0;0,0;0;
16:12:46;0,0;0,0;0,0;0,0;0,0;0,0;0,0;0,0;0;
16:12:47;0,0;0,0;0,0;0,0;0,0;0,0;0,0;0,0;0;
16:12:47;0,0;0,0;0,0;0,0;0,0;0,0;0,0;0,0;0;
16:12:48;0,0;0,0;0,0;0,0;0,0;0,0;0,0;0,0;0;
16:12:48;0,0;0,0;0,0;0,0;0,0;0,0;0,0;0,0;0;
16:12:49;0,0;0,0;0,0;0,0;0,0;0,0;0,0;0,0;0;
16:12:49;0,0;0,0;0,0;0,0;0,0;0,0;0,0;0,0;0;
16:12:50;0,0;0,0;0,0;0,0;0,0;0,0;0,0;0,0;0;
16:12:50;0,0;0,0;0,0;0,0;0,0;0,0;0,0;0,0;0;
16:12:51;0,0;0,0;0,0;0,0;0,0;0,0;0,0;0,0;0;
16:12:51;0,0;0,0;0,0;0,0;0,0;0,0;0,0;0,0;0;
16:12:52;0,0;0,0;0,0;0,0;0,0;0,0;0,0;0,0;0;
16:12:52;0,0;0,0;0,0;0,0;0,0;0,0;0,0;0,0;0;
16:12:53;0,0;0,0;0,0;0,0;0,0;0,0;0,0;0,0;0;
16:12:53;0,0;0,0;0,0;0,0;0,0;0,0;0,0;0,0;0;
16:12:54;0,0;0,0;0,0;0,0;0,0;0,0;0,0;0,0;0;
16:12:54;0,0;0,0;0,0;0,0;0,0;0,0;0,0;0,0;0;
16:12:55;0,0;0,0;0,0;0,0;0,0;0,0;0,0;0,0;0;
16:12:55;0,0;0,0;0,0;0,0;0,0;0,0;0,0;0,0;0;
16:12:56;0,0;0,0;0,0;0,0;0,0;0,0;0,0;0,0;0;
16:12:56;0,0;0,0;0,0;0,0;0,0;0,0;0,0;0,0;0;
16:12:57;0,0;0,0;0,0;0,0;0,0;0,0;0,0;0,0;0;
16:12:57;0,0;0,0;0,0;0,0;0,0;0,0;0,0;0,0;0;
16:12:58;0,0;0,0;0,0;0,0;0,0;0,0;0,0;0,0;0;
16:12:58;0,0;0,0;0,0;0,0;0,0;0,0;0,0;0,0;0;
16:12:59;0,0;0,0;0,0;0,0;0,0;0,0;0,0;0,0;0;
16:12:59;0,0;0,0;0,0;0,0;0,0;0,0;0,0;0,0;0;
16:13:00;0,0;0,0;0,0;0,0;0,0;0,0;0,0;0,0;0;
16:13:00;0,0;0,0;0,0;0,0;0,0;0,0;0,0;0,0;0;
16:13:01;0,0;0,0;0,0;0,0;0,0;0,0;0,0;0,0;0;
16:13:01;0,0;0,0;0,0;0,0;0,0;0,0;0,0;0,0;0;
16:13:02;0,0;0,0;0,0;0,0;0,0;0,0;0,0;0,0;0;
16:13:02;0,0;0,0;0,0;0,0;0,0;0,0;0,0;0,0;0;
16:13:03;0,0;0,0;0,0;0,0;0,0;0,0;0,0;0,0;0;
16:13:03;0,0;0,0;0,0;0,0;0,0;0,0;0,0;0,0;0;
16:13:04;0,0;0,0;0,0;0,0;0,0;0,0;0,0;0,0;0;
16:13:04;0,0;0,0;0,0;0,0;0,0;0,0;0,0;0,0;0;
16:13:05;0,0;0,0;0,0;0,0;0,0;0,0;0,0;0,0;0;
16:13:05;0,0;0,0;0,0;0,0;0,0;0,0;0,0;0,0;0;
16:13:06;0,0;0,0;0,0;0,0;0,0;0,0;0,0;0,0;0;
16:13:06;0,0;0,0;0,0;0,0;0,0;0,0;0,0;0,0;0;
16:13:07;0,0;0,0;0,0;0,0;0,0;0,0;0,0;0,0;0;
16:13:07;0,0;0,0;0,0;0,0;0,0;0,0;0,0;0,0;0;
16:13:08;0,0;0,0;0,0;0,0;0,0;0,0;0,0;0,0;0;
16:13:08;0,0;0,0;0,0;0,0;0,0;0,0;0,0;0,0;0;
16:13:09;0,0;0,0;0,0;0,0;0,0;0,0;0,0;0,0;0;
16:13:09;0,0;0,0;0,0;0,0;0,0;0,0;0,0;0,0;0;
16:13:10;0,0;0,0;0,0;0,0;0,0;0,0;0,0;0,0;0;
16:13:10;0,0;0,0;0,0;0,0;0,0;0,0;0,0;0,0;0;
16:13:11;0,0;0,0;0,0;0,0;0,0;0,0;0,0;0,0;0;
16:13:11;0,0;0,0;0,0;0,0;0,0;0,0;0,0;0,0;0;
16:13:12;0,0;0,0;0,0;0,0;0,0;0,0;0,0;0,0;0;
16:13:12;0,0;0,0;0,0;0,0;0,0;0,0;0,0;0,0;0;
16:13:13;0,0;0,0;0,0;0,0;0,0;0,0;0,0;0,0;0;
16:13:13;0,0;0,0;0,0;0,0;0,0;0,0;0,0;0,0;0;
16:13:14;0,0;0,0;0,0;0,0;0,0;0,0;0,0;0,0;0;
16:13:14;0,0;0,0;0,0;0,0;0,0;0,0;0,0;0,0;0;
16:13:15;0,0;0,0;0,0;0,0;0,0;0,0;0,0;0,0;0;
16:13:15;0,0;0,0;0,0;0,0;0,0;0,0;0,0;0,0;0;
16:13:16;0,0;0,0;0,0;0,0;0,0;0,0;0,0;0,0;0;
16:13:16;0,0;0,0;0,0;0,0;0,0;0,0;0,0;0,0;0;
16:13:17;0,0;0,0;0,0;0,0;0,0;0,0;0,0;0,0;0;
16:13:17;0,0;0,0;0,0;0,0;0,0;0,0;0,0;0,0;0;
16:13:18;0,0;0,0;0,0;0,0;0,0;0,0;0,0;0,0;0;
16:13:18;0,0;0,0;0,0;0,0;0,0;0,0;0,0;0,0;0;
16:13:19;0,0;0,0;0,0;0,0;0,0;0,0;0,0;0,0;0;
16:13:19;0,0;0,0;0,0;0,0;0,0;0,0;0,0;0,0;0;
16:13:20;0,0;0,0;0,0;0,0;0,0;0,0;0,0;0,0;0;
16:13:21;0,0;0,0;0,0;0,0;0,0;0,0;0,0;0,0;0;
16:13:21;0,0;0,0;0,0;0,0;0,0;0,0;0,0;0,0;0;
16:13:22;0,0;0,0;0,0;0,0;0,0;0,0;0,0;0,0;0;
16:13:22;0,0;0,0;0,0;0,0;0,0;0,0;0,0;0,0;0;
16:13:23;0,0;0,0;0,0;0,0;0,0;0,0;0,0;0,0;0;
16:13:23;0,0;0,0;0,0;0,0;0,0;0,0;0,0;0,0;0;
16:13:24;0,0;0,0;0,0;0,0;0,0;0,0;0,0;0,0;0;
16:13:24;0,0;0,0;0,0;0,0;0,0;0,0;0,0;0,0;0;
16:13:25;0,0;0,0;0,0;0,0;0,0;0,0;0,0;0,0;0;
16:13:25;0,0;0,0;0,0;0,0;0,0;0,0;0,0;0,0;0;
16:13:26;0,0;0,0;0,0;0,0;0,0;0,0;0,0;0,0;0;
16:13:26;0,0;0,0;0,0;0,0;0,0;0,0;0,0;0,0;0;
16:13:27;0,0;0,0;0,0;0,0;0,0;0,0;0,0;0,0;0;
16:13:27;0,0;0,0;0,0;0,0;0,0;0,0;0,0;0,0;0;
16:13:28;0,0;0,0;0,0;0,0;0,0;0,0;0,0;0,0;0;
16:13:28;0,0;0,0;0,0;0,0;0,0;0,0;0,0;0,0;0;
16:13:29;0,0;0,0;0,0;0,0;0,0;0,0;0,0;0,0;0;
16:13:29;0,0;0,0;0,0;0,0;0,0;0,0;0,0;0,0;0;
16:13:30;0,0;0,0;0,0;0,0;0,0;0,0;0,0;0,0;0;
16:13:30;0,0;0,0;0,0;0,0;0,0;0,0;0,0;0,0;0;
16:13:31;0,0;0,0;0,0;0,0;0,0;0,0;0,0;0,0;0;
16:13:31;0,0;0,0;0,0;0,0;0,0;0,0;0,0;0,0;0;
16:13:32;0,0;0,0;0,0;0,0;0,0;0,0;0,0;0,0;0;
16:13:32;0,0;0,0;0,0;0,0;0,0;0,0;0,0;0,0;0;
16:13:33;0,0;0,0;0,0;0,0;0,0;0,0;0,0;0,0;0;
16:13:33;0,0;0,0;0,0;0,0;0,0;0,0;0,0;0,0;0;
16:13:34;0,0;0,0;0,0;0,0;0,0;0,0;0,0;0,0;0;
16:13:34;0,0;0,0;0,0;0,0;0,0;0,0;0,0;0,0;0;
16:13:35;0,0;0,0;0,0;0,0;0,0;0,0;0,0;0,0;0;
16:13:35;0,0;0,0;0,0;0,0;0,0;0,0;0,0;0,0;0;
16:13:36;0,0;0,0;0,0;0,0;0,0;0,0;0,0;0,0;0;
16:13:36;0,0;0,0;0,0;0,0;0,0;0,0;0,0;0,0;0;
16:13:37;0,0;0,0;0,0;0,0;0,0;0,0;0,0;0,0;0;
16:13:37;0,0;0,0;0,0;0,0;0,0;0,0;0,0;0,0;0;
16:13:38;0,0;0,0;0,0;0,0;0,0;0,0;0,0;0,0;0;
16:13:38;0,0;0,0;0,0;0,0;0,0;0,0;0,0;0,0;0;
16:13:39;0,0;0,0;0,0;0,0;0,0;0,0;0,0;0,0;0;
16:13:39;0,0;0,0;0,0;0,0;0,0;0,0;0,0;0,0;0;
16:13:40;0,0;0,0;0,0;0,0;0,0;0,0;0,0;0,0;0;
16:13:40;0,0;0,0;0,0;0,0;0,0;0,0;0,0;0,0;0;
16:13:41;0,0;0,0;0,0;0,0;0,0;0,0;0,0;0,0;0;
16:13:41;0,0;0,0;0,0;0,0;0,0;0,0;0,0;0,0;0;
16:13:42;0,0;0,0;0,0;0,0;0,0;0,0;0,0;0,0;0;
16:13:42;0,0;0,0;0,0;0,0;0,0;0,0;0,0;0,0;0;
16:13:43;0,0;0,0;0,0;0,0;0,0;0,0;0,0;0,0;0;
16:13:43;0,0;0,0;0,0;0,0;0,0;0,0;0,0;0,0;0;
16:13:44;0,0;0,0;0,0;0,0;0,0;0,0;0,0;0,0;0;
16:13:44;0,0;0,0;0,0;0,0;0,0;0,0;0,0;0,0;0;
16:13:45;0,0;0,0;0,0;0,0;0,0;0,0;0,0;0,0;0;
16:13:45;0,0;0,0;0,0;0,0;0,0;0,0;0,0;0,0;0;
16:13:46;0,0;0,0;0,0;0,0;0,0;0,0;0,0;0,0;0;
16:13:46;0,0;0,0;0,0;0,0;0,0;0,0;0,0;0,0;0;
16:13:47;0,0;0,0;0,0;0,0;0,0;0,0;0,0;0,0;0;
16:13:47;0,0;0,0;0,0;0,0;0,0;0,0;0,0;0,0;0;
16:13:48;0,0;0,0;0,0;0,0;0,0;0,0;0,0;0,0;0;
16:13:48;0,0;0,0;0,0;0,0;0,0;0,0;0,0;0,0;0;
16:13:49;0,0;0,0;0,0;0,0;0,0;0,0;0,0;0,0;0;
16:13:49;0,0;0,0;0,0;0,0;0,0;0,0;0,0;0,0;0;
16:13:50;0,0;0,0;0,0;0,0;0,0;0,0;0,0;0,0;0;
16:13:50;0,0;0,0;0,0;0,0;0,0;0,0;0,0;0,0;0;
16:13:51;0,0;0,0;0,0;0,0;0,0;0,0;0,0;0,0;0;
16:13:51;0,0;0,0;0,0;0,0;0,0;0,0;0,0;0,0;0;
16:13:52;0,0;0,0;0,0;0,0;0,0;0,0;0,0;0,0;0;
16:13:52;0,0;0,0;0,0;0,0;0,0;0,0;0,0;0,0;0;
16:13:53;0,0;0,0;0,0;0,0;0,0;0,0;0,0;0,0;0;
16:13:53;0,0;0,0;0,0;0,0;0,0;0,0;0,0;0,0;0;
16:13:54;0,0;0,0;0,0;0,0;0,0;0,0;0,0;0,0;0;
16:13:54;0,0;0,0;0,0;0,0;0,0;0,0;0,0;0,0;0;
16:13:55;0,0;0,0;0,0;0,0;0,0;0,0;0,0;0,0;0;
16:13:55;0,0;0,0;0,0;0,0;0,0;0,0;0,0;0,0;0;
16:13:56;0,0;0,0;0,0;0,0;0,0;0,0;0,0;0,0;0;
16:13:57;0,0;0,0;0,0;0,0;0,0;0,0;0,0;0,0;0;
16:13:57;0,0;0,0;0,0;0,0;0,0;0,0;0,0;0,0;0;
16:13:58;0,0;0,0;0,0;0,0;0,0;0,0;0,0;0,0;0;
16:13:58;0,0;0,0;0,0;0,0;0,0;0,0;0,0;0,0;0;
16:13:59;0,0;0,0;0,0;0,0;0,0;0,0;0,0;0,0;0;
16:13:59;0,0;0,0;0,0;0,0;0,0;0,0;0,0;0,0;0;
16:14:00;0,0;0,0;0,0;0,0;0,0;0,0;0,0;0,0;0;
16:14:00;0,0;0,0;0,0;0,0;0,0;0,0;0,0;0,0;0;
16:14:01;0,0;0,0;0,0;0,0;0,0;0,0;0,0;0,0;0;
16:14:01;0,0;0,0;0,0;0,0;0,0;0,0;0,0;0,0;0;
16:14:02;0,0;0,0;0,0;0,0;0,0;0,0;0,0;0,0;0;
16:14:02;0,0;0,0;0,0;0,0;0,0;0,0;0,0;0,0;0;
16:14:03;0,0;0,0;0,0;0,0;0,0;0,0;0,0;0,0;0;
16:14:03;0,0;0,0;0,0;0,0;0,0;0,0;0,0;0,0;0;
16:14:04;0,0;0,0;0,0;0,0;0,0;0,0;0,0;0,0;0;
16:14:04;0,0;0,0;0,0;0,0;0,0;0,0;0,0;0,0;0;
16:14:05;0,0;0,0;0,0;0,0;0,0;0,0;0,0;0,0;0;
16:14:05;0,0;0,0;0,0;0,0;0,0;0,0;0,0;0,0;0;
16:14:06;0,0;0,0;0,0;0,0;0,0;0,0;0,0;0,0;0;
16:14:06;0,0;0,0;0,0;0,0;0,0;0,0;0,0;0,0;0;
16:14:07;0,0;0,0;0,0;0,0;0,0;0,0;0,0;0,0;0;
16:14:07;0,0;0,0;0,0;0,0;0,0;0,0;0,0;0,0;0;
16:14:08;0,0;0,0;0,0;0,0;0,0;0,0;0,0;0,0;0;
16:14:08;0,0;0,0;0,0;0,0;0,0;0,0;0,0;0,0;0;
16:14:09;0,0;0,0;0,0;0,0;0,0;0,0;0,0;0,0;0;
16:14:09;0,0;0,0;0,0;0,0;0,0;0,0;0,0;0,0;0;
16:14:10;0,0;0,0;0,0;0,0;0,0;0,0;0,0;0,0;0;
16:14:10;0,0;0,0;0,0;0,0;0,0;0,0;0,0;0,0;0;
16:14:11;0,0;0,0;0,0;0,0;0,0;0,0;0,0;0,0;0;
16:14:11;0,0;0,0;0,0;0,0;0,0;0,0;0,0;0,0;0;
16:14:12;0,0;0,0;0,0;0,0;0,0;0,0;0,0;0,0;0;
16:14:12;0,0;0,0;0,0;0,0;0,0;0,0;0,0;0,0;0;
16:14:13;0,0;0,0;0,0;0,0;0,0;0,0;0,0;0,0;0;
16:14:13;0,0;0,0;0,0;0,0;0,0;0,0;0,0;0,0;0;
16:14:14;0,0;0,0;0,0;0,0;0,0;0,0;0,0;0,0;0;
16:14:14;0,0;0,0;0,0;0,0;0,0;0,0;0,0;0,0;0;
16:14:15;0,0;0,0;0,0;0,0;0,0;0,0;0,0;0,0;0;
16:14:15;0,0;0,0;0,0;0,0;0,0;0,0;0,0;0,0;0;
16:14:16;0,0;0,0;0,0;0,0;0,0;0,0;0,0;0,0;0;
16:14:16;0,0;0,0;0,0;0,0;0,0;0,0;0,0;0,0;0;
16:14:17;0,0;0,0;0,0;0,0;0,0;0,0;0,0;0,0;0;
16:14:17;0,0;0,0;0,0;0,0;0,0;0,0;0,0;0,0;0;
16:14:18;0,0;0,0;0,0;0,0;0,0;0,0;0,0;0,0;0;
16:14:18;0,0;0,0;0,0;0,0;0,0;0,0;0,0;0,0;0;
16:14:19;0,0;0,0;0,0;0,0;0,0;0,0;0,0;0,0;0;
16:14:19;0,0;0,0;0,0;0,0;0,0;0,0;0,0;0,0;0;
16:14:20;0,0;0,0;0,0;0,0;0,0;0,0;0,0;0,0;0;
16:14:20;0,0;0,0;0,0;0,0;0,0;0,0;0,0;0,0;0;
16:14:21;0,0;0,0;0,0;0,0;0,0;0,0;0,0;0,0;0;
16:14:21;0,0;0,0;0,0;0,0;0,0;0,0;0,0;0,0;0;
16:14:22;0,0;0,0;0,0;0,0;0,0;0,0;0,0;0,0;0;
16:14:22;0,0;0,0;0,0;0,0;0,0;0,0;0,0;0,0;0;
16:14:23;0,0;0,0;0,0;0,0;0,0;0,0;0,0;0,0;0;
16:14:23;0,0;0,0;0,0;0,0;0,0;0,0;0,0;0,0;0;
16:14:24;0,0;0,0;0,0;0,0;0,0;0,0;0,0;0,0;0;
16:14:24;0,0;0,0;0,0;0,0;0,0;0,0;0,0;0,0;0;
16:14:25;0,0;0,0;0,0;0,0;0,0;0,0;0,0;0,0;0;
16:14:25;0,0;0,0;0,0;0,0;0,0;0,0;0,0;0,0;0;
16:14:26;0,0;0,0;0,0;0,0;0,0;0,0;0,0;0,0;0;
16:14:26;0,0;0,0;0,0;0,0;0,0;0,0;0,0;0,0;0;
16:14:27;0,0;0,0;0,0;0,0;0,0;0,0;0,0;0,0;0;
16:14:27;0,0;0,0;0,0;0,0;0,0;0,0;0,0;0,0;0;
16:14:28;0,0;0,0;0,0;0,0;0,0;0,0;0,0;0,0;0;
16:14:28;0,0;0,0;0,0;0,0;0,0;0,0;0,0;0,0;0;
16:14:29;0,0;0,0;0,0;0,0;0,0;0,0;0,0;0,0;0;
16:14:29;0,0;0,0;0,0;0,0;0,0;0,0;0,0;0,0;0;
16:14:30;0,0;0,0;0,0;0,0;0,0;0,0;0,0;0,0;0;
16:14:30;0,0;0,0;0,0;0,0;0,0;0,0;0,0;0,0;0;
16:14:31;0,0;0,0;0,0;0,0;0,0;0,0;0,0;0,0;0;
16:14:32;0,0;0,0;0,0;0,0;0,0;0,0;0,0;0,0;0;
16:14:32;0,0;0,0;0,0;0,0;0,0;0,0;0,0;0,0;0;
16:14:33;0,0;0,0;0,0;0,0;0,0;0,0;0,0;0,0;0;
16:14:33;0,0;0,0;0,0;0,0;0,0;0,0;0,0;0,0;0;
16:14:34;0,0;0,0;0,0;0,0;0,0;0,0;0,0;0,0;0;
16:14:34;0,0;0,0;0,0;0,0;0,0;0,0;0,0;0,0;0;
16:14:35;0,0;0,0;0,0;0,0;0,0;0,0;0,0;0,0;0;
16:14:35;0,0;0,0;0,0;0,0;0,0;0,0;0,0;0,0;0;
16:14:36;0,0;0,0;0,0;0,0;0,0;0,0;0,0;0,0;0;
16:14:36;0,0;0,0;0,0;0,0;0,0;0,0;0,0;0,0;0;
16:14:37;0,0;0,0;0,0;0,0;0,0;0,0;0,0;0,0;0;
16:14:37;0,0;0,0;0,0;0,0;0,0;0,0;0,0;0,0;0;
16:14:38;0,0;0,0;0,0;0,0;0,0;0,0;0,0;0,0;0;
16:14:38;0,0;0,0;0,0;0,0;0,0;0,0;0,0;0,0;0;
16:14:39;0,0;0,0;0,0;0,0;0,0;0,0;0,0;0,0;0;
16:14:39;0,0;0,0;0,0;0,0;0,0;0,0;0,0;0,0;0;
16:14:40;0,0;0,0;0,0;0,0;0,0;0,0;0,0;0,0;0;
16:14:40;0,0;0,0;0,0;0,0;0,0;0,0;0,0;0,0;0;
16:14:41;0,0;0,0;0,0;0,0;0,0;0,0;0,0;0,0;0;
16:14:41;0,0;0,0;0,0;0,0;0,0;0,0;0,0;0,0;0;
16:14:42;0,0;0,0;0,0;0,0;0,0;0,0;0,0;0,0;0;
16:14:42;0,0;0,0;0,0;0,0;0,0;0,0;0,0;0,0;0;
16:14:43;0,0;0,0;0,0;0,0;0,0;0,0;0,0;0,0;0;
16:14:43;0,0;0,0;0,0;0,0;0,0;0,0;0,0;0,0;0;
16:14:44;0,0;0,0;0,0;0,0;0,0;0,0;0,0;0,0;0;
16:14:44;0,0;0,0;0,0;0,0;0,0;0,0;0,0;0,0;0;
16:14:45;0,0;0,0;0,0;0,0;0,0;0,0;0,0;0,0;0;
16:14:45;0,0;0,0;0,0;0,0;0,0;0,0;0,0;0,0;0;
16:14:46;0,0;0,0;0,0;0,0;0,0;0,0;0,0;0,0;0;
16:14:46;0,0;0,0;0,0;0,0;0,0;0,0;0,0;0,0;0;
16:14:47;0,0;0,0;0,0;0,0;0,0;0,0;0,0;0,0;0;
16:14:47;0,0;0,0;0,0;0,0;0,0;0,0;0,0;0,0;0;
16:14:48;0,0;0,0;0,0;0,0;0,0;0,0;0,0;0,0;0;
16:14:48;0,0;0,0;0,0;0,0;0,0;0,0;0,0;0,0;0;
16:14:49;0,0;0,0;0,0;0,0;0,0;0,0;0,0;0,0;0;
16:14:49;0,0;0,0;0,0;0,0;0,0;0,0;0,0;0,0;0;
16:14:50;0,0;0,0;0,0;0,0;0,0;0,0;0,0;0,0;0;
16:14:50;0,0;0,0;0,0;0,0;0,0;0,0;0,0;0,0;0;
16:14:51;0,0;0,0;0,0;0,0;0,0;0,0;0,0;0,0;0;
16:14:51;0,0;0,0;0,0;0,0;0,0;0,0;0,0;0,0;0;
16:14:52;0,0;0,0;0,0;0,0;0,0;0,0;0,0;0,0;0;
16:14:52;0,0;0,0;0,0;0,0;0,0;0,0;0,0;0,0;0;
16:14:53;0,0;0,0;0,0;0,0;0,0;0,0;0,0;0,0;0;
16:14:53;0,0;0,0;0,0;0,0;0,0;0,0;0,0;0,0;0;
16:14:54;0,0;0,0;0,0;0,0;0,0;0,0;0,0;0,0;0;
16:14:54;0,0;0,0;0,0;0,0;0,0;0,0;0,0;0,0;0;
16:14:55;0,0;0,0;0,0;0,0;0,0;0,0;0,0;0,0;0;
16:14:55;0,0;0,0;0,0;0,0;0,0;0,0;0,0;0,0;0;
16:14:56;0,0;0,0;0,0;0,0;0,0;0,0;0,0;0,0;0;
16:14:56;0,0;0,0;0,0;0,0;0,0;0,0;0,0;0,0;0;
16:14:57;0,0;0,0;0,0;0,0;0,0;0,0;0,0;0,0;0;
16:14:57;0,0;0,0;0,0;0,0;0,0;0,0;0,0;0,0;0;
16:14:58;0,0;0,0;0,0;0,0;0,0;0,0;0,0;0,0;0;
16:14:58;0,0;0,0;0,0;0,0;0,0;0,0;0,0;0,0;0;
16:14:59;0,0;0,0;0,0;0,0;0,0;0,0;0,0;0,0;0;
16:14:59;0,0;0,0;0,0;0,0;0,0;0,0;0,0;0,0;0;
16:15:00;0,0;0,0;0,0;0,0;0,0;0,0;0,0;0,0;0;
16:15:00;0,0;0,0;0,0;0,0;0,0;0,0;0,0;0,0;0;
16:15:01;0,0;0,0;0,0;0,0;0,0;0,0;0,0;0,0;0;
16:15:01;0,0;0,0;0,0;0,0;0,0;0,0;0,0;0,0;0;
16:15:02;0,0;0,0;0,0;0,0;0,0;0,0;0,0;0,0;0;
16:15:02;0,0;0,0;0,0;0,0;0,0;0,0;0,0;0,0;0;
16:15:03;0,0;0,0;0,0;0,0;0,0;0,0;0,0;0,0;0;
16:15:03;0,0;0,0;0,0;0,0;0,0;0,0;0,0;0,0;0;
16:15:04;0,0;0,0;0,0;0,0;0,0;0,0;0,0;0,0;0;
16:15:04;0,0;0,0;0,0;0,0;0,0;0,0;0,0;0,0;0;
16:15:05;0,0;0,0;0,0;0,0;0,0;0,0;0,0;0,0;0;
16:15:05;0,0;0,0;0,0;0,0;0,0;0,0;0,0;0,0;0;
16:15:06;0,0;0,0;0,0;0,0;0,0;0,0;0,0;0,0;0;
16:15:06;0,0;0,0;0,0;0,0;0,0;0,0;0,0;0,0;0;
16:15:07;0,0;0,0;0,0;0,0;0,0;0,0;0,0;0,0;0;
16:15:08;0,0;0,0;0,0;0,0;0,0;0,0;0,0;0,0;0;
16:15:08;0,0;0,0;0,0;0,0;0,0;0,0;0,0;0,0;0;
16:15:09;0,0;0,0;0,0;0,0;0,0;0,0;0,0;0,0;0;
16:15:09;0,0;0,0;0,0;0,0;0,0;0,0;0,0;0,0;0;
16:15:10;0,0;0,0;0,0;0,0;0,0;0,0;0,0;0,0;0;
16:15:10;0,0;0,0;0,0;0,0;0,0;0,0;0,0;0,0;0;
16:15:11;0,0;0,0;0,0;0,0;0,0;0,0;0,0;0,0;0;
16:15:11;0,0;0,0;0,0;0,0;0,0;0,0;0,0;0,0;0;
16:15:12;0,0;0,0;0,0;0,0;0,0;0,0;0,0;0,0;0;
16:15:12;0,0;0,0;0,0;0,0;0,0;0,0;0,0;0,0;0;
16:15:13;0,0;0,0;0,0;0,0;0,0;0,0;0,0;0,0;0;
16:15:13;0,0;0,0;0,0;0,0;0,0;0,0;0,0;0,0;0;
16:15:14;0,0;0,0;0,0;0,0;0,0;0,0;0,0;0,0;0;
16:15:14;0,0;0,0;0,0;0,0;0,0;0,0;0,0;0,0;0;
16:15:15;0,0;0,0;0,0;0,0;0,0;0,0;0,0;0,0;0;
16:15:15;0,0;0,0;0,0;0,0;0,0;0,0;0,0;0,0;0;
16:15:16;0,0;0,0;0,0;0,0;0,0;0,0;0,0;0,0;0;
16:15:16;0,0;0,0;0,0;0,0;0,0;0,0;0,0;0,0;0;
16:15:17;0,0;0,0;0,0;0,0;0,0;0,0;0,0;0,0;0;
16:15:17;0,0;0,0;0,0;0,0;0,0;0,0;0,0;0,0;0;
16:15:18;0,0;0,0;0,0;0,0;0,0;0,0;0,0;0,0;0;
16:15:18;0,0;0,0;0,0;0,0;0,0;0,0;0,0;0,0;0;
16:15:19;0,0;0,0;0,0;0,0;0,0;0,0;0,0;0,0;0;
16:15:19;0,0;0,0;0,0;0,0;0,0;0,0;0,0;0,0;0;
16:15:20;0,0;0,0;0,0;0,0;0,0;0,0;0,0;0,0;0;
16:15:20;0,0;0,0;0,0;0,0;0,0;0,0;0,0;0,0;0;
16:15:21;0,0;0,0;0,0;0,0;0,0;0,0;0,0;0,0;0;
16:15:21;0,0;0,0;0,0;0,0;0,0;0,0;0,0;0,0;0;
16:15:22;0,0;0,0;0,0;0,0;0,0;0,0;0,0;0,0;0;
16:15:22;0,0;0,0;0,0;0,0;0,0;0,0;0,0;0,0;0;
16:15:23;0,0;0,0;0,0;0,0;0,0;0,0;0,0;0,0;0;
16:15:23;0,0;0,0;0,0;0,0;0,0;0,0;0,0;0,0;0;
16:15:24;0,0;0,0;0,0;0,0;0,0;0,0;0,0;0,0;0;
16:15:24;0,0;0,0;0,0;0,0;0,0;0,0;0,0;0,0;0;
16:15:25;0,0;0,0;0,0;0,0;0,0;0,0;0,0;0,0;0;
16:15:25;0,0;0,0;0,0;0,0;0,0;0,0;0,0;0,0;0;
16:15:26;0,0;0,0;0,0;0,0;0,0;0,0;0,0;0,0;0;
16:15:26;0,0;0,0;0,0;0,0;0,0;0,0;0,0;0,0;0;
16:15:27;0,0;0,0;0,0;0,0;0,0;0,0;0,0;0,0;0;
16:15:27;0,0;0,0;0,0;0,0;0,0;0,0;0,0;0,0;0;
16:15:28;0,0;0,0;0,0;0,0;0,0;0,0;0,0;0,0;0;
16:15:28;0,0;0,0;0,0;0,0;0,0;0,0;0,0;0,0;0;
16:15:29;0,0;0,0;0,0;0,0;0,0;0,0;0,0;0,0;0;
16:15:29;0,0;0,0;0,0;0,0;0,0;0,0;0,0;0,0;0;
16:15:30;0,0;0,0;0,0;0,0;0,0;0,0;0,0;0,0;0;
16:15:30;0,0;0,0;0,0;0,0;0,0;0,0;0,0;0,0;0;
16:15:31;0,0;0,0;0,0;0,0;0,0;0,0;0,0;0,0;0;
16:15:31;0,0;0,0;0,0;0,0;0,0;0,0;0,0;0,0;0;
16:15:32;0,0;0,0;0,0;0,0;0,0;0,0;0,0;0,0;0;
16:15:32;0,0;0,0;0,0;0,0;0,0;0,0;0,0;0,0;0;
16:15:33;0,0;0,0;0,0;0,0;0,0;0,0;0,0;0,0;0;
16:15:33;0,0;0,0;0,0;0,0;0,0;0,0;0,0;0,0;0;
16:15:34;0,0;0,0;0,0;0,0;0,0;0,0;0,0;0,0;0;
16:15:34;0,0;0,0;0,0;0,0;0,0;0,0;0,0;0,0;0;
16:15:35;0,0;0,0;0,0;0,0;0,0;0,0;0,0;0,0;0;
16:15:35;0,0;0,0;0,0;0,0;0,0;0,0;0,0;0,0;0;
16:15:36;0,0;0,0;0,0;0,0;0,0;0,0;0,0;0,0;0;
16:15:36;0,0;0,0;0,0;0,0;0,0;0,0;0,0;0,0;0;
16:15:37;0,0;0,0;0,0;0,0;0,0;0,0;0,0;0,0;0;
16:15:37;0,0;0,0;0,0;0,0;0,0;0,0;0,0;0,0;0;
16:15:38;0,0;0,0;0,0;0,0;0,0;0,0;0,0;0,0;0;
16:15:38;0,0;0,0;0,0;0,0;0,0;0,0;0,0;0,0;0;
16:15:39;0,0;0,0;0,0;0,0;0,0;0,0;0,0;0,0;0;
16:15:39;0,0;0,0;0,0;0,0;0,0;0,0;0,0;0,0;0;
16:15:40;0,0;0,0;0,0;0,0;0,0;0,0;0,0;0,0;0;
16:15:40;0,0;0,0;0,0;0,0;0,0;0,0;0,0;0,0;0;
16:15:41;0,0;0,0;0,0;0,0;0,0;0,0;0,0;0,0;0;
16:15:41;0,0;0,0;0,0;0,0;0,0;0,0;0,0;0,0;0;
16:15:42;0,0;0,0;0,0;0,0;0,0;0,0;0,0;0,0;0;
16:15:42;0,0;0,0;0,0;0,0;0,0;0,0;0,0;0,0;0;
16:15:43;0,0;0,0;0,0;0,0;0,0;0,0;0,0;0,0;0;
16:15:44;0,0;0,0;0,0;0,0;0,0;0,0;0,0;0,0;0;
16:15:44;0,0;0,0;0,0;0,0;0,0;0,0;0,0;0,0;0;
16:15:45;0,0;0,0;0,0;0,0;0,0;0,0;0,0;0,0;0;
16:15:45;0,0;0,0;0,0;0,0;0,0;0,0;0,0;0,0;0;
16:15:46;0,0;0,0;0,0;0,0;0,0;0,0;0,0;0,0;0;
16:15:46;0,0;0,0;0,0;0,0;0,0;0,0;0,0;0,0;0;
16:15:47;0,0;0,0;0,0;0,0;0,0;0,0;0,0;0,0;0;
16:15:47;0,0;0,0;0,0;0,0;0,0;0,0;0,0;0,0;0;
16:15:48;0,0;0,0;0,0;0,0;0,0;0,0;0,0;0,0;0;
16:15:48;0,0;0,0;0,0;0,0;0,0;0,0;0,0;0,0;0;
16:15:49;0,0;0,0;0,0;0,0;0,0;0,0;0,0;0,0;0;
16:15:49;0,0;0,0;0,0;0,0;0,0;0,0;0,0;0,0;0;
16:15:50;0,0;0,0;0,0;0,0;0,0;0,0;0,0;0,0;0;
16:15:50;0,0;0,0;0,0;0,0;0,0;0,0;0,0;0,0;0;
16:15:51;0,0;0,0;0,0;0,0;0,0;0,0;0,0;0,0;0;
16:15:51;0,0;0,0;0,0;0,0;0,0;0,0;0,0;0,0;0;
16:15:52;0,0;0,0;0,0;0,0;0,0;0,0;0,0;0,0;0;
16:15:52;0,0;0,0;0,0;0,0;0,0;0,0;0,0;0,0;0;
16:15:53;0,0;0,0;0,0;0,0;0,0;0,0;0,0;0,0;0;
16:15:53;0,0;0,0;0,0;0,0;0,0;0,0;0,0;0,0;0;
16:15:54;0,0;0,0;0,0;0,0;0,0;0,0;0,0;0,0;0;
16:15:54;0,0;0,0;0,0;0,0;0,0;0,0;0,0;0,0;0;
16:15:55;0,0;0,0;0,0;0,0;0,0;0,0;0,0;0,0;0;
16:15:55;0,0;0,0;0,0;0,0;0,0;0,0;0,0;0,0;0;
16:15:56;0,0;0,0;0,0;0,0;0,0;0,0;0,0;0,0;0;
16:15:56;0,0;0,0;0,0;0,0;0,0;0,0;0,0;0,0;0;
16:15:57;0,0;0,0;0,0;0,0;0,0;0,0;0,0;0,0;0;
16:15:57;0,0;0,0;0,0;0,0;0,0;0,0;0,0;0,0;0;
16:15:58;0,0;0,0;0,0;0,0;0,0;0,0;0,0;0,0;0;
16:15:58;0,0;0,0;0,0;0,0;0,0;0,0;0,0;0,0;0;
16:15:59;0,0;0,0;0,0;0,0;0,0;0,0;0,0;0,0;0;
16:15:59;0,0;0,0;0,0;0,0;0,0;0,0;0,0;0,0;0;
16:16:00;0,0;0,0;0,0;0,0;0,0;0,0;0,0;0,0;0;
16:16:00;0,0;0,0;0,0;0,0;0,0;0,0;0,0;0,0;0;
16:16:01;0,0;0,0;0,0;0,0;0,0;0,0;0,0;0,0;0;
16:16:01;0,0;0,0;0,0;0,0;0,0;0,0;0,0;0,0;0;
16:16:02;0,0;0,0;0,0;0,0;0,0;0,0;0,0;0,0;0;
16:16:02;0,0;0,0;0,0;0,0;0,0;0,0;0,0;0,0;0;
16:16:03;0,0;0,0;0,0;0,0;0,0;0,0;0,0;0,0;0;
16:16:03;0,0;0,0;0,0;0,0;0,0;0,0;0,0;0,0;0;
16:16:04;0,0;0,0;0,0;0,0;0,0;0,0;0,0;0,0;0;
16:16:04;0,0;0,0;0,0;0,0;0,0;0,0;0,0;0,0;0;
16:16:05;0,0;0,0;0,0;0,0;0,0;0,0;0,0;0,0;0;
16:16:05;0,0;0,0;0,0;0,0;0,0;0,0;0,0;0,0;0;
16:16:06;0,0;0,0;0,0;0,0;0,0;0,0;0,0;0,0;0;
16:16:06;0,0;0,0;0,0;0,0;0,0;0,0;0,0;0,0;0;
16:16:07;0,0;0,0;0,0;0,0;0,0;0,0;0,0;0,0;0;
16:16:07;0,0;0,0;0,0;0,0;0,0;0,0;0,0;0,0;0;
16:16:08;0,0;0,0;0,0;0,0;0,0;0,0;0,0;0,0;0;
16:16:08;0,0;0,0;0,0;0,0;0,0;0,0;0,0;0,0;0;
16:16:09;0,0;0,0;0,0;0,0;0,0;0,0;0,0;0,0;0;
16:16:09;0,0;0,0;0,0;0,0;0,0;0,0;0,0;0,0;0;
16:16:10;0,0;0,0;0,0;0,0;0,0;0,0;0,0;0,0;0;
16:16:10;0,0;0,0;0,0;0,0;0,0;0,0;0,0;0,0;0;
16:16:11;0,0;0,0;0,0;0,0;0,0;0,0;0,0;0,0;0;
16:16:11;0,0;0,0;0,0;0,0;0,0;0,0;0,0;0,0;0;
16:16:12;0,0;0,0;0,0;0,0;0,0;0,0;0,0;0,0;0;
16:16:12;0,0;0,0;0,0;0,0;0,0;0,0;0,0;0,0;0;
16:16:13;0,0;0,0;0,0;0,0;0,0;0,0;0,0;0,0;0;
16:16:13;0,0;0,0;0,0;0,0;0,0;0,0;0,0;0,0;0;
16:16:14;0,0;0,0;0,0;0,0;0,0;0,0;0,0;0,0;0;
16:16:14;0,0;0,0;0,0;0,0;0,0;0,0;0,0;0,0;0;
16:16:15;0,0;0,0;0,0;0,0;0,0;0,0;0,0;0,0;0;
16:16:15;0,0;0,0;0,0;0,0;0,0;0,0;0,0;0,0;0;
16:16:16;0,0;0,0;0,0;0,0;0,0;0,0;0,0;0,0;0;
16:16:16;0,0;0,0;0,0;0,0;0,0;0,0;0,0;0,0;0;
16:16:17;0,0;0,0;0,0;0,0;0,0;0,0;0,0;0,0;0;
16:16:17;0,0;0,0;0,0;0,0;0,0;0,0;0,0;0,0;0;
16:16:18;0,0;0,0;0,0;0,0;0,0;0,0;0,0;0,0;0;
16:16:19;0,0;0,0;0,0;0,0;0,0;0,0;0,0;0,0;0;
16:16:19;0,0;0,0;0,0;0,0;0,0;0,0;0,0;0,0;0;
16:16:20;0,0;0,0;0,0;0,0;0,0;0,0;0,0;0,0;0;
16:16:20;0,0;0,0;0,0;0,0;0,0;0,0;0,0;0,0;0;
16:16:21;0,0;0,0;0,0;0,0;0,0;0,0;0,0;0,0;0;
16:16:21;0,0;0,0;0,0;0,0;0,0;0,0;0,0;0,0;0;
16:16:22;0,0;0,0;0,0;0,0;0,0;0,0;0,0;0,0;0;
16:16:22;0,0;0,0;0,0;0,0;0,0;0,0;0,0;0,0;0;
16:16:23;0,0;0,0;0,0;0,0;0,0;0,0;0,0;0,0;0;
16:16:23;0,0;0,0;0,0;0,0;0,0;0,0;0,0;0,0;0;
16:16:24;0,0;0,0;0,0;0,0;0,0;0,0;0,0;0,0;0;
16:16:24;0,0;0,0;0,0;0,0;0,0;0,0;0,0;0,0;0;
16:16:25;0,0;0,0;0,0;0,0;0,0;0,0;0,0;0,0;0;
16:16:25;0,0;0,0;0,0;0,0;0,0;0,0;0,0;0,0;0;
16:16:26;0,0;0,0;0,0;0,0;0,0;0,0;0,0;0,0;0;
16:16:26;0,0;0,0;0,0;0,0;0,0;0,0;0,0;0,0;0;
16:16:27;0,0;0,0;0,0;0,0;0,0;0,0;0,0;0,0;0;
16:16:27;0,0;0,0;0,0;0,0;0,0;0,0;0,0;0,0;0;
16:16:28;0,0;0,0;0,0;0,0;0,0;0,0;0,0;0,0;0;
16:16:28;0,0;0,0;0,0;0,0;0,0;0,0;0,0;0,0;0;
16:16:29;0,0;0,0;0,0;0,0;0,0;0,0;0,0;0,0;0;
16:16:29;0,0;0,0;0,0;0,0;0,0;0,0;0,0;0,0;0;
16:16:30;0,0;0,0;0,0;0,0;0,0;0,0;0,0;0,0;0;
16:16:30;0,0;0,0;0,0;0,0;0,0;0,0;0,0;0,0;0;
16:16:31;0,0;0,0;0,0;0,0;0,0;0,0;0,0;0,0;0;
16:16:31;0,0;0,0;0,0;0,0;0,0;0,0;0,0;0,0;0;
16:16:32;0,0;0,0;0,0;0,0;0,0;0,0;0,0;0,0;0;
16:16:32;0,0;0,0;0,0;0,0;0,0;0,0;0,0;0,0;0;
16:16:33;0,0;0,0;0,0;0,0;0,0;0,0;0,0;0,0;0;
16:16:33;0,0;0,0;0,0;0,0;0,0;0,0;0,0;0,0;0;
16:16:34;0,0;0,0;0,0;0,0;0,0;0,0;0,0;0,0;0;
16:16:34;0,0;0,0;0,0;0,0;0,0;0,0;0,0;0,0;0;
16:16:35;0,0;0,0;0,0;0,0;0,0;0,0;0,0;0,0;0;
16:16:35;0,0;0,0;0,0;0,0;0,0;0,0;0,0;0,0;0;
16:16:36;0,0;0,0;0,0;0,0;0,0;0,0;0,0;0,0;0;
16:16:36;0,0;0,0;0,0;0,0;0,0;0,0;0,0;0,0;0;
16:16:37;0,0;0,0;0,0;0,0;0,0;0,0;0,0;0,0;0;
16:16:37;0,0;0,0;0,0;0,0;0,0;0,0;0,0;0,0;0;
16:16:38;0,0;0,0;0,0;0,0;0,0;0,0;0,0;0,0;0;
16:16:38;0,0;0,0;0,0;0,0;0,0;0,0;0,0;0,0;0;
16:16:39;0,0;0,0;0,0;0,0;0,0;0,0;0,0;0,0;0;
16:16:39;0,0;0,0;0,0;0,0;0,0;0,0;0,0;0,0;0;
16:16:40;0,0;0,0;0,0;0,0;0,0;0,0;0,0;0,0;0;
16:16:40;0,0;0,0;0,0;0,0;0,0;0,0;0,0;0,0;0;
16:16:41;0,0;0,0;0,0;0,0;0,0;0,0;0,0;0,0;0;
16:16:41;0,0;0,0;0,0;0,0;0,0;0,0;0,0;0,0;0;
16:16:42;0,0;0,0;0,0;0,0;0,0;0,0;0,0;0,0;0;
16:16:42;0,0;0,0;0,0;0,0;0,0;0,0;0,0;0,0;0;
16:16:43;0,0;0,0;0,0;0,0;0,0;0,0;0,0;0,0;0;
16:16:43;0,0;0,0;0,0;0,0;0,0;0,0;0,0;0,0;0;
16:16:44;0,0;0,0;0,0;0,0;0,0;0,0;0,0;0,0;0;
16:16:44;0,0;0,0;0,0;0,0;0,0;0,0;0,0;0,0;0;
16:16:45;0,0;0,0;0,0;0,0;0,0;0,0;0,0;0,0;0;
16:16:45;0,0;0,0;0,0;0,0;0,0;0,0;0,0;0,0;0;
16:16:46;0,0;0,0;0,0;0,0;0,0;0,0;0,0;0,0;0;
16:16:46;0,0;0,0;0,0;0,0;0,0;0,0;0,0;0,0;0;
16:16:47;0,0;0,0;0,0;0,0;0,0;0,0;0,0;0,0;0;
16:16:47;0,0;0,0;0,0;0,0;0,0;0,0;0,0;0,0;0;
16:16:48;0,0;0,0;0,0;0,0;0,0;0,0;0,0;0,0;0;
16:16:48;0,0;0,0;0,0;0,0;0,0;0,0;0,0;0,0;0;
16:16:49;0,0;0,0;0,0;0,0;0,0;0,0;0,0;0,0;0;
16:16:49;0,0;0,0;0,0;0,0;0,0;0,0;0,0;0,0;0;
16:16:50;0,0;0,0;0,0;0,0;0,0;0,0;0,0;0,0;0;
16:16:50;0,0;0,0;0,0;0,0;0,0;0,0;0,0;0,0;0;
16:16:51;0,0;0,0;0,0;0,0;0,0;0,0;0,0;0,0;0;
16:16:51;0,0;0,0;0,0;0,0;0,0;0,0;0,0;0,0;0;
16:16:52;0,0;0,0;0,0;0,0;0,0;0,0;0,0;0,0;0;
16:16:52;0,0;0,0;0,0;0,0;0,0;0,0;0,0;0,0;0;
16:16:53;0,0;0,0;0,0;0,0;0,0;0,0;0,0;0,0;0;
16:16:53;0,0;0,0;0,0;0,0;0,0;0,0;0,0;0,0;0;
16:16:54;0,0;0,0;0,0;0,0;0,0;0,0;0,0;0,0;0;
16:16:55;0,0;0,0;0,0;0,0;0,0;0,0;0,0;0,0;0;
16:16:55;0,0;0,0;0,0;0,0;0,0;0,0;0,0;0,0;0;
16:16:56;0,0;0,0;0,0;0,0;0,0;0,0;0,0;0,0;0;
16:16:56;0,0;0,0;0,0;0,0;0,0;0,0;0,0;0,0;0;
16:16:57;0,0;0,0;0,0;0,0;0,0;0,0;0,0;0,0;0;
16:16:57;0,0;0,0;0,0;0,0;0,0;0,0;0,0;0,0;0;
16:16:58;0,0;0,0;0,0;0,0;0,0;0,0;0,0;0,0;0;
16:16:58;0,0;0,0;0,0;0,0;0,0;0,0;0,0;0,0;0;
16:16:59;0,0;0,0;0,0;0,0;0,0;0,0;0,0;0,0;0;
16:16:59;0,0;0,0;0,0;0,0;0,0;0,0;0,0;0,0;0;
16:17:00;0,0;0,0;0,0;0,0;0,0;0,0;0,0;0,0;0;
16:17:00;0,0;0,0;0,0;0,0;0,0;0,0;0,0;0,0;0;
16:17:01;0,0;0,0;0,0;0,0;0,0;0,0;0,0;0,0;0;
16:17:01;0,0;0,0;0,0;0,0;0,0;0,0;0,0;0,0;0;
16:17:02;0,0;0,0;0,0;0,0;0,0;0,0;0,0;0,0;0;
16:17:02;0,0;0,0;0,0;0,0;0,0;0,0;0,0;0,0;0;
16:17:03;0,0;0,0;0,0;0,0;0,0;0,0;0,0;0,0;0;
16:17:03;0,0;0,0;0,0;0,0;0,0;0,0;0,0;0,0;0;
16:17:04;0,0;0,0;0,0;0,0;0,0;0,0;0,0;0,0;0;
16:17:04;0,0;0,0;0,0;0,0;0,0;0,0;0,0;0,0;0;
16:17:05;0,0;0,0;0,0;0,0;0,0;0,0;0,0;0,0;0;
16:17:05;0,0;0,0;0,0;0,0;0,0;0,0;0,0;0,0;0;
16:17:06;0,0;0,0;0,0;0,0;0,0;0,0;0,0;0,0;0;
16:17:06;0,0;0,0;0,0;0,0;0,0;0,0;0,0;0,0;0;
16:17:07;0,0;0,0;0,0;0,0;0,0;0,0;0,0;0,0;0;
16:17:07;0,0;0,0;0,0;0,0;0,0;0,0;0,0;0,0;0;
16:17:08;0,0;0,0;0,0;0,0;0,0;0,0;0,0;0,0;0;
16:17:08;0,0;0,0;0,0;0,0;0,0;0,0;0,0;0,0;0;
16:17:09;0,0;0,0;0,0;0,0;0,0;0,0;0,0;0,0;0;
16:17:09;0,0;0,0;0,0;0,0;0,0;0,0;0,0;0,0;0;
16:17:10;0,0;0,0;0,0;0,0;0,0;0,0;0,0;0,0;0;
16:17:10;0,0;0,0;0,0;0,0;0,0;0,0;0,0;0,0;0;
16:17:11;0,0;0,0;0,0;0,0;0,0;0,0;0,0;0,0;0;
16:17:11;0,0;0,0;0,0;0,0;0,0;0,0;0,0;0,0;0;
16:17:12;0,0;0,0;0,0;0,0;0,0;0,0;0,0;0,0;0;
16:17:12;0,0;0,0;0,0;0,0;0,0;0,0;0,0;0,0;0;
16:17:13;0,0;0,0;0,0;0,0;0,0;0,0;0,0;0,0;0;
16:17:13;0,0;0,0;0,0;0,0;0,0;0,0;0,0;0,0;0;
16:17:14;0,0;0,0;0,0;0,0;0,0;0,0;0,0;0,0;0;
16:17:14;0,0;0,0;0,0;0,0;0,0;0,0;0,0;0,0;0;
16:17:15;0,0;0,0;0,0;0,0;0,0;0,0;0,0;0,0;0;
16:17:15;0,0;0,0;0,0;0,0;0,0;0,0;0,0;0,0;0;
16:17:16;0,0;0,0;0,0;0,0;0,0;0,0;0,0;0,0;0;
16:17:16;0,0;0,0;0,0;0,0;0,0;0,0;0,0;0,0;0;
16:17:17;0,0;0,0;0,0;0,0;0,0;0,0;0,0;0,0;0;
16:17:17;0,0;0,0;0,0;0,0;0,0;0,0;0,0;0,0;0;
16:17:18;0,0;0,0;0,0;0,0;0,0;0,0;0,0;0,0;0;
16:17:18;0,0;0,0;0,0;0,0;0,0;0,0;0,0;0,0;0;
16:17:19;0,0;0,0;0,0;0,0;0,0;0,0;0,0;0,0;0;
16:17:19;0,0;0,0;0,0;0,0;0,0;0,0;0,0;0,0;0;
16:17:20;0,0;0,0;0,0;0,0;0,0;0,0;0,0;0,0;0;
16:17:20;0,0;0,0;0,0;0,0;0,0;0,0;0,0;0,0;0;
16:17:21;0,0;0,0;0,0;0,0;0,0;0,0;0,0;0,0;0;
16:17:21;0,0;0,0;0,0;0,0;0,0;0,0;0,0;0,0;0;
16:17:22;0,0;0,0;0,0;0,0;0,0;0,0;0,0;0,0;0;
16:17:22;0,0;0,0;0,0;0,0;0,0;0,0;0,0;0,0;0;
16:17:23;0,0;0,0;0,0;0,0;0,0;0,0;0,0;0,0;0;
16:17:23;0,0;0,0;0,0;0,0;0,0;0,0;0,0;0,0;0;
16:17:24;0,0;0,0;0,0;0,0;0,0;0,0;0,0;0,0;0;
16:17:24;0,0;0,0;0,0;0,0;0,0;0,0;0,0;0,0;0;
16:17:25;0,0;0,0;0,0;0,0;0,0;0,0;0,0;0,0;0;
16:17:25;0,0;0,0;0,0;0,0;0,0;0,0;0,0;0,0;0;
16:17:26;0,0;0,0;0,0;0,0;0,0;0,0;0,0;0,0;0;
16:17:26;0,0;0,0;0,0;0,0;0,0;0,0;0,0;0,0;0;
16:17:27;0,0;0,0;0,0;0,0;0,0;0,0;0,0;0,0;0;
16:17:27;0,0;0,0;0,0;0,0;0,0;0,0;0,0;0,0;0;
16:17:28;0,0;0,0;0,0;0,0;0,0;0,0;0,0;0,0;0;
16:17:28;0,0;0,0;0,0;0,0;0,0;0,0;0,0;0,0;0;
16:17:29;0,0;0,0;0,0;0,0;0,0;0,0;0,0;0,0;0;
16:17:30;0,0;0,0;0,0;0,0;0,0;0,0;0,0;0,0;0;
16:17:30;0,0;0,0;0,0;0,0;0,0;0,0;0,0;0,0;0;
16:17:31;0,0;0,0;0,0;0,0;0,0;0,0;0,0;0,0;0;
16:17:31;0,0;0,0;0,0;0,0;0,0;0,0;0,0;0,0;0;
16:17:32;0,0;0,0;0,0;0,0;0,0;0,0;0,0;0,0;0;
16:17:32;0,0;0,0;0,0;0,0;0,0;0,0;0,0;0,0;0;
16:17:33;0,0;0,0;0,0;0,0;0,0;0,0;0,0;0,0;0;
16:17:33;0,0;0,0;0,0;0,0;0,0;0,0;0,0;0,0;0;
16:17:34;0,0;0,0;0,0;0,0;0,0;0,0;0,0;0,0;0;
16:17:34;0,0;0,0;0,0;0,0;0,0;0,0;0,0;0,0;0;
16:17:35;0,0;0,0;0,0;0,0;0,0;0,0;0,0;0,0;0;
16:17:35;0,0;0,0;0,0;0,0;0,0;0,0;0,0;0,0;0;
16:17:36;0,0;0,0;0,0;0,0;0,0;0,0;0,0;0,0;0;
16:17:36;0,0;0,0;0,0;0,0;0,0;0,0;0,0;0,0;0;
16:17:37;0,0;0,0;0,0;0,0;0,0;0,0;0,0;0,0;0;
16:17:37;0,0;0,0;0,0;0,0;0,0;0,0;0,0;0,0;0;
16:17:38;0,0;0,0;0,0;0,0;0,0;0,0;0,0;0,0;0;
16:17:38;0,0;0,0;0,0;0,0;0,0;0,0;0,0;0,0;0;
16:17:39;0,0;0,0;0,0;0,0;0,0;0,0;0,0;0,0;0;
16:17:39;0,0;0,0;0,0;0,0;0,0;0,0;0,0;0,0;0;
16:17:40;0,0;0,0;0,0;0,0;0,0;0,0;0,0;0,0;0;
16:17:40;0,0;0,0;0,0;0,0;0,0;0,0;0,0;0,0;0;
16:17:41;0,0;0,0;0,0;0,0;0,0;0,0;0,0;0,0;0;
16:17:41;0,0;0,0;0,0;0,0;0,0;0,0;0,0;0,0;0;
16:17:42;0,0;0,0;0,0;0,0;0,0;0,0;0,0;0,0;0;
16:17:42;0,0;0,0;0,0;0,0;0,0;0,0;0,0;0,0;0;
16:17:43;0,0;0,0;0,0;0,0;0,0;0,0;0,0;0,0;0;
16:17:43;0,0;0,0;0,0;0,0;0,0;0,0;0,0;0,0;0;
16:17:44;0,0;0,0;0,0;0,0;0,0;0,0;0,0;0,0;0;
16:17:44;0,0;0,0;0,0;0,0;0,0;0,0;0,0;0,0;0;
16:17:45;0,0;0,0;0,0;0,0;0,0;0,0;0,0;0,0;0;
16:17:45;0,0;0,0;0,0;0,0;0,0;0,0;0,0;0,0;0;
16:17:46;0,0;0,0;0,0;0,0;0,0;0,0;0,0;0,0;0;
16:17:46;0,0;0,0;0,0;0,0;0,0;0,0;0,0;0,0;0;
16:17:47;0,0;0,0;0,0;0,0;0,0;0,0;0,0;0,0;0;
16:17:47;0,0;0,0;0,0;0,0;0,0;0,0;0,0;0,0;0;
16:17:48;0,0;0,0;0,0;0,0;0,0;0,0;0,0;0,0;0;
16:17:48;0,0;0,0;0,0;0,0;0,0;0,0;0,0;0,0;0;
16:17:49;0,0;0,0;0,0;0,0;0,0;0,0;0,0;0,0;0;
16:17:49;0,0;0,0;0,0;0,0;0,0;0,0;0,0;0,0;0;
16:17:50;0,0;0,0;0,0;0,0;0,0;0,0;0,0;0,0;0;
16:17:50;0,0;0,0;0,0;0,0;0,0;0,0;0,0;0,0;0;
16:17:51;0,0;0,0;0,0;0,0;0,0;0,0;0,0;0,0;0;
16:17:51;0,0;0,0;0,0;0,0;0,0;0,0;0,0;0,0;0;
16:17:52;0,0;0,0;0,0;0,0;0,0;0,0;0,0;0,0;0;
16:17:52;0,0;0,0;0,0;0,0;0,0;0,0;0,0;0,0;0;
16:17:53;0,0;0,0;0,0;0,0;0,0;0,0;0,0;0,0;0;
16:17:53;0,0;0,0;0,0;0,0;0,0;0,0;0,0;0,0;0;
16:17:54;0,0;0,0;0,0;0,0;0,0;0,0;0,0;0,0;0;
16:17:54;0,0;0,0;0,0;0,0;0,0;0,0;0,0;0,0;0;
16:17:55;0,0;0,0;0,0;0,0;0,0;0,0;0,0;0,0;0;
16:17:55;0,0;0,0;0,0;0,0;0,0;0,0;0,0;0,0;0;
16:17:56;0,0;0,0;0,0;0,0;0,0;0,0;0,0;0,0;0;
16:17:56;0,0;0,0;0,0;0,0;0,0;0,0;0,0;0,0;0;
16:17:57;0,0;0,0;0,0;0,0;0,0;0,0;0,0;0,0;0;
16:17:57;0,0;0,0;0,0;0,0;0,0;0,0;0,0;0,0;0;
16:17:58;0,0;0,0;0,0;0,0;0,0;0,0;0,0;0,0;0;
16:17:58;0,0;0,0;0,0;0,0;0,0;0,0;0,0;0,0;0;
16:17:59;0,0;0,0;0,0;0,0;0,0;0,0;0,0;0,0;0;
16:17:59;0,0;0,0;0,0;0,0;0,0;0,0;0,0;0,0;0;
16:18:00;0,0;0,0;0,0;0,0;0,0;0,0;0,0;0,0;0;
16:18:00;0,0;0,0;0,0;0,0;0,0;0,0;0,0;0,0;0;
16:18:01;0,0;0,0;0,0;0,0;0,0;0,0;0,0;0,0;0;
16:18:01;0,0;0,0;0,0;0,0;0,0;0,0;0,0;0,0;0;
16:18:02;0,0;0,0;0,0;0,0;0,0;0,0;0,0;0,0;0;
16:18:02;0,0;0,0;0,0;0,0;0,0;0,0;0,0;0,0;0;
16:18:03;0,0;0,0;0,0;0,0;0,0;0,0;0,0;0,0;0;
16:18:03;0,0;0,0;0,0;0,0;0,0;0,0;0,0;0,0;0;
16:18:04;0,0;0,0;0,0;0,0;0,0;0,0;0,0;0,0;0;
16:18:04;0,0;0,0;0,0;0,0;0,0;0,0;0,0;0,0;0;
16:18:05;0,0;0,0;0,0;0,0;0,0;0,0;0,0;0,0;0;
16:18:06;0,0;0,0;0,0;0,0;0,0;0,0;0,0;0,0;0;
16:18:06;0,0;0,0;0,0;0,0;0,0;0,0;0,0;0,0;0;
