0,0
8,6
3,4
17,2
0,0
0,0
6
400
7,31
1,64
0
0
5
Нет
0,0
8,6
3,4
17,2
0,0
0,0
12
400
7,31
1,64
0
0
30
Нет
0,0
0,0
0,0
0,0
0,0
0,0
0,1
0
0,50
0,50
0
0
0
Нет
0,0
0,0
0,0
0,0
0,0
0,0
0,1
0
0,50
0,50
0
0
0
Нет
0,0
0,0
0,0
0,0
0,0
0,0
0,1
0
0,50
0,50
0
0
0
Нет
0,0
0,0
0,0
0,0
0,0
0,0
0,1
0
0,50
0,50
0
0
0
Нет
0,0
0,0
0,0
0,0
0,0
0,0
0,1
0
0,50
0,50
0
0
0
Нет
0,0
0,0
0,0
0,0
0,0
0,0
0,1
0
0,50
0,50
0
0
0
Нет
0,0
0,0
0,0
0,0
0,0
0,0
0,1
0
0,50
0,50
0
0
0
Нет
0,0
0,0
0,0
0,0
0,0
0,0
0,1
0
0,50
0,50
0
0
0
Нет
0,0
0,0
0,0
0,0
0,0
0,0
0,1
0
0,50
0,50
0
0
0
Нет
0,0
0,0
0,0
0,0
0,0
0,0
0,1
0
0,50
0,50
0
0
0
Нет
0,0
0,0
0,0
0,0
0,0
0,0
0,1
0
0,50
0,50
0
0
0
Нет
0,0
0,0
0,0
0,0
0,0
0,0
0,1
0
0,50
0,50
0
0
0
Нет
0,0
0,0
0,0
0,0
0,0
0,0
0,1
0
0,50
0,50
0
0
0
Нет
0,0
0,0
0,0
0,0
0,0
0,0
0,1
0
0,50
0,50
0
0
0
Нет
0,0
0,0
0,0
0,0
0,0
0,0
0,1
0
0,50
0,50
0
0
0
Нет
0,0
0,0
0,0
0,0
0,0
0,0
0,1
0
0,50
0,50
0
0
0
Нет
0,0
0,0
0,0
0,0
0,0
0,0
0,1
0
0,50
0,50
0
0
0
Нет
0,0
0,0
0,0
0,0
0,0
0,0
0,1
0
0,50
0,50
0
0
0
Нет