8,6
8,6
3,4
0,0
10
0,0
5,0
400
7,31
1,64
0
0
5
Нет
8,6
8,6
3,4
0,0
20
0,0
11,0
400
7,31
1,64
0
0
30
Нет
0,0
0,0
0,0
0,0
0,0
0,0
0,1
0
0,50
0,50
0
0
0
Нет
0,0
0,0
0,0
0,0
0,0
0,0
0,1
0
0,50
0,50
0
0
0
Нет
0,0
0,0
0,0
0,0
0,0
0,0
0,1
0
0,50
0,50
0
0
0
Нет
0,0
0,0
0,0
0,0
0,0
0,0
0,1
0
0,50
0,50
0
0
0
Нет
0,0
0,0
0,0
0,0
0,0
0,0
0,1
0
0,50
0,50
0
0
0
Нет
0,0
0,0
0,0
0,0
0,0
0,0
0,1
0
0,50
0,50
0
0
0
Нет
0,0
0,0
0,0
0,0
0,0
0,0
0,1
0
0,50
0,50
0
0
0
Нет
0,0
0,0
0,0
0,0
0,0
0,0
0,1
0
0,50
0,50
0
0
0
Нет
0,0
0,0
0,0
0,0
0,0
0,0
0,1
0
0,50
0,50
0
0
0
Нет
0,0
0,0
0,0
0,0
0,0
0,0
0,1
0
0,50
0,50
0
0
0
Нет
0,0
0,0
0,0
0,0
0,0
0,0
0,1
0
0,50
0,50
0
0
0
Нет
0,0
0,0
0,0
0,0
0,0
0,0
0,1
0
0,50
0,50
0
0
0
Нет
0,0
0,0
0,0
0,0
0,0
0,0
0,1
0
0,50
0,50
0
0
0
Нет
0,0
0,0
0,0
0,0
0,0
0,0
0,1
0
0,50
0,50
0
0
0
Нет
0,0
0,0
0,0
0,0
0,0
0,0
0,1
0
0,50
0,50
0
0
0
Нет
0,0
0,0
0,0
0,0
0,0
0,0
0,1
0
0,50
0,50
0
0
0
Нет
0,0
0,0
0,0
0,0
0,0
0,0
0,1
0
0,50
0,50
0
0
0
Нет
0,0
0,0
0,0
0,0
0,0
0,0
0,1
0
0,50
0,50
0
0
0
Нет