0,0
0,0
0,0
17,2
10
17,2
11,4
610
8,58
1,64
80
0
5
Нет
0,0
0,0
0,0
17,2
20
17,2
11,4
610
8,58
1,64
80
0
30
Нет
0,0
0,0
0,0
0,0
0,0
0,0
0,1
0
0,50
0,50
0
0
0
Нет
0,0
0,0
0,0
0,0
0,0
0,0
0,1
0
0,50
0,50
0
0
0
Нет
0,0
0,0
0,0
0,0
0,0
0,0
0,1
0
0,50
0,50
0
0
0
Нет
0,0
0,0
0,0
0,0
0,0
0,0
0,1
0
0,50
0,50
0
0
0
Нет
0,0
0,0
0,0
0,0
0,0
0,0
0,1
0
0,50
0,50
0
0
0
Нет
0,0
0,0
0,0
0,0
0,0
0,0
0,1
0
0,50
0,50
0
0
0
Нет
0,0
0,0
0,0
0,0
0,0
0,0
0,1
0
0,50
0,50
0
0
0
Нет
0,0
0,0
0,0
0,0
0,0
0,0
0,1
0
0,50
0,50
0
0
0
Нет
0,0
0,0
0,0
0,0
0,0
0,0
0,1
0
0,50
0,50
0
0
0
Нет
0,0
0,0
0,0
0,0
0,0
0,0
0,1
0
0,50
0,50
0
0
0
Нет
0,0
0,0
0,0
0,0
0,0
0,0
0,1
0
0,50
0,50
0
0
0
Нет
0,0
0,0
0,0
0,0
0,0
0,0
0,1
0
0,50
0,50
0
0
0
Нет
0,0
0,0
0,0
0,0
0,0
0,0
0,1
0
0,50
0,50
0
0
0
Нет
0,0
0,0
0,0
0,0
0,0
0,0
0,1
0
0,50
0,50
0
0
0
Нет
0,0
0,0
0,0
0,0
0,0
0,0
0,1
0
0,50
0,50
0
0
0
Нет
0,0
0,0
0,0
0,0
0,0
0,0
0,1
0
0,50
0,50
0
0
0
Нет
0,0
0,0
0,0
0,0
0,0
0,0
0,1
0
0,50
0,50
0
0
0
Нет
0,0
0,0
0,0
0,0
0,0
0,0
0,1
0
0,50
0,50
0
0
0
Нет