8,6
4,3
0,0
0,0
10
0,0
5
500
8,58
1,64
80
0
5
Нет
8,6
4,3
0,0
0,0
20
0
12,04
1000
8,58
1,64
80
0
30
Нет
0,0
0,0
0,0
0,0
0,0
0,0
0,1
0
0,50
0,50
0
0
0
Нет
0,0
0,0
0,0
0,0
0,0
0,0
0,1
0
0,50
0,50
0
0
0
Нет
0,0
0,0
0,0
0,0
0,0
0,0
0,1
0
0,50
0,50
0
0
0
Нет
0,0
0,0
0,0
0,0
0,0
0,0
0,1
0
0,50
0,50
0
0
0
Нет
0,0
0,0
0,0
0,0
0,0
0,0
0,1
0
0,50
0,50
0
0
0
Нет
0,0
0,0
0,0
0,0
0,0
0,0
0,1
0
0,50
0,50
0
0
0
Нет
0,0
0,0
0,0
0,0
0,0
0,0
0,1
0
0,50
0,50
0
0
0
Нет
0,0
0,0
0,0
0,0
0,0
0,0
0,1
0
0,50
0,50
0
0
0
Нет
0,0
0,0
0,0
0,0
0,0
0,0
0,1
0
0,50
0,50
0
0
0
Нет
0,0
0,0
0,0
0,0
0,0
0,0
0,1
0
0,50
0,50
0
0
0
Нет
0,0
0,0
0,0
0,0
0,0
0,0
0,1
0
0,50
0,50
0
0
0
Нет
0,0
0,0
0,0
0,0
0,0
0,0
0,1
0
0,50
0,50
0
0
0
Нет
0,0
0,0
0,0
0,0
0,0
0,0
0,1
0
0,50
0,50
0
0
0
Нет
0,0
0,0
0,0
0,0
0,0
0,0
0,1
0
0,50
0,50
0
0
0
Нет
0,0
0,0
0,0
0,0
0,0
0,0
0,1
0
0,50
0,50
0
0
0
Нет
0,0
0,0
0,0
0,0
0,0
0,0
0,1
0
0,50
0,50
0
0
0
Нет
0,0
0,0
0,0
0,0
0,0
0,0
0,1
0
0,50
0,50
0
0
0
Нет
0,0
0,0
0,0
0,0
0,0
0,0
0,1
0
0,50
0,50
0
0
0
Нет