11:32:41;0,0;0,0;0,0;0,0;0,0;0,0;0,0;0,0;0,0;0,0;0,0;
11:32:42;0,0;0,0;0,0;0,0;0,0;0,0;0,0;0,0;0,0;0,0;0,0;
11:32:43;0,0;0,0;0,0;0,0;0,0;0,0;0,0;0,0;0,0;0,0;0,0;
11:32:44;0,0;0,0;0,0;0,0;0,0;0,0;0,0;0,0;0,0;0,0;0,0;
11:32:45;26,8;0,0;0,0;0,0;0,0;0,0;0,0;0,0;0,0;0,0;0,0;
11:32:47;26,8;0,0;0,0;0,0;0,0;0,0;0,0;0,0;0,0;0,0;0,0;
11:32:48;26,8;0,0;0,0;0,0;0,0;0,0;0,0;0,0;0,0;0,0;0,0;
11:32:49;26,8;0,0;0,0;0,0;0,0;0,0;0,0;0,0;0,0;0,0;0,0;
11:32:50;26,8;0,0;0,0;0,0;0,0;0,0;0,0;0,0;0,0;0,0;0,0;
11:32:50;26,8;0,0;0,0;0,0;0,0;0,0;0,0;0,0;0,0;0,0;0,0;
11:32:51;26,8;0,0;0,0;0,0;0,0;0,0;0,0;0,0;0,0;0,0;0,0;
11:32:52;26,8;0,0;0,0;0,0;0,0;0,0;0,0;0,0;0,0;0,0;0,0;
11:32:53;26,8;0,0;0,0;0,0;0,0;0,0;0,0;0,0;0,0;0,0;0,0;
11:32:54;26,8;0,0;0,0;0,0;0,0;0,0;0,0;0,0;0,0;0,0;0,0;
11:32:55;26,8;0,0;0,0;0,0;0,0;0,0;0,0;0,0;0,0;0,0;0,0;
11:32:56;26,8;0,0;0,0;0,0;0,0;0,0;0,0;0,0;0,0;0,0;0,0;
11:32:57;26,8;0,0;0,0;0,0;0,0;0,0;0,0;0,0;0,0;0,0;0,0;
11:32:58;26,8;0,0;0,0;0,0;0,0;0,0;0,0;0,0;0,0;0,0;0,0;
11:32:59;26,8;0,0;0,0;0,0;0,0;0,0;0,0;0,0;0,0;0,0;0,0;
11:33:00;26,8;0,0;0,0;0,0;0,0;0,0;0,0;0,0;0,0;0,0;0,0;
11:33:01;26,8;0,0;0,0;0,0;0,0;0,0;0,0;0,0;0,0;0,0;0,0;
11:33:02;26,8;0,0;0,0;0,0;0,0;0,0;0,0;0,0;0,0;0,0;0,0;
11:33:03;26,8;0,0;0,0;0,0;0,0;0,0;0,0;0,0;0,0;0,0;0,0;
11:33:04;26,8;0,0;0,0;0,0;0,0;0,0;0,0;0,0;0,0;0,0;0,0;
11:33:05;26,8;0,0;0,0;0,0;0,0;0,0;0,0;0,0;0,0;0,0;0,0;
11:33:06;26,8;0,0;0,0;0,0;0,0;0,0;0,0;0,0;0,0;0,0;0,0;
11:33:07;26,8;0,0;0,0;0,0;0,0;0,0;0,0;0,0;0,0;0,0;0,0;
11:33:08;26,8;0,0;0,0;0,0;0,0;0,0;0,0;0,0;0,0;0,0;0,0;
11:33:09;26,7;0,0;0,0;0,0;0,0;0,0;0,0;0,0;0,0;0,0;0,0;
11:33:10;26,7;0,0;0,0;0,0;0,0;0,0;0,0;0,0;0,0;0,0;0,0;
11:33:11;26,7;0,0;0,0;0,0;0,0;0,0;0,0;0,0;0,0;0,0;0,0;
11:33:12;26,7;0,0;0,0;0,0;0,0;0,0;0,0;0,0;0,0;0,0;0,0;
11:33:13;26,7;0,0;0,0;0,0;0,0;0,0;0,0;0,0;0,0;0,0;0,0;
11:33:14;26,6;0,0;0,0;0,0;0,0;0,0;0,0;0,0;0,0;0,0;0,0;
11:33:15;26,6;0,0;0,0;0,0;0,0;0,0;0,0;0,0;0,0;0,0;0,0;
11:33:17;26,6;0,0;0,0;0,0;0,0;0,0;0,0;0,0;0,0;0,0;0,0;
11:33:18;26,6;0,0;0,0;0,0;0,0;0,0;0,0;0,0;0,0;0,0;0,0;
11:33:19;26,7;0,0;0,0;0,0;0,0;0,0;0,0;0,0;0,0;0,0;0,0;
11:33:20;26,7;0,0;0,0;0,0;0,0;0,0;0,0;0,0;0,0;0,0;0,0;
11:33:21;26,7;0,0;0,0;0,0;0,0;0,0;0,0;0,0;0,0;0,0;0,0;
11:33:22;26,7;0,0;0,0;0,0;0,0;0,0;0,0;0,0;0,0;0,0;0,0;
11:33:23;26,7;0,0;0,0;0,0;0,0;0,0;0,0;0,0;0,0;0,0;0,0;
11:33:24;26,6;0,0;0,0;0,0;0,0;0,0;0,0;0,0;0,0;0,0;0,0;
11:33:25;26,6;0,0;0,0;0,0;0,0;0,0;0,0;0,0;0,0;0,0;0,0;
11:33:26;26,6;0,0;0,0;0,0;0,0;0,0;0,0;0,0;0,0;0,0;0,0;
11:33:27;26,6;0,0;0,0;0,0;0,0;0,0;0,0;0,0;0,0;0,0;0,0;
11:33:28;26,6;0,0;0,0;0,0;0,0;0,0;0,0;0,0;0,0;0,0;0,0;
11:33:29;26,6;0,0;0,0;0,0;0,0;0,0;0,0;0,0;0,0;0,0;0,0;
11:33:30;26,6;0,0;0,0;0,0;0,0;0,0;0,0;0,0;0,0;0,0;0,0;
11:33:31;26,6;0,0;0,0;0,0;0,0;0,0;0,0;0,0;0,0;0,0;0,0;
11:33:32;26,6;0,0;0,0;0,0;0,0;0,0;0,0;0,0;0,0;0,0;0,0;
11:33:33;26,5;0,0;0,0;0,0;0,0;0,0;0,0;0,0;0,0;0,0;0,0;
11:33:34;26,5;0,0;0,0;0,0;0,0;0,0;0,0;0,0;0,0;0,0;0,0;
11:33:35;26,5;0,0;0,0;0,0;0,0;0,0;0,0;0,0;0,0;0,0;0,0;
11:33:36;26,5;0,0;0,0;0,0;0,0;0,0;0,0;0,0;0,0;0,0;0,0;
11:33:37;26,4;0,0;0,0;0,0;0,0;0,0;0,0;0,0;0,0;0,0;0,0;
11:33:38;26,4;0,0;0,0;0,0;0,0;0,0;0,0;0,0;0,0;0,0;0,0;
11:33:39;26,4;0,0;0,0;0,0;0,0;0,0;0,0;0,0;0,0;0,0;0,0;
11:33:40;26,4;0,0;0,0;0,0;0,0;0,0;0,0;0,0;0,0;0,0;0,0;
11:33:41;26,4;0,0;0,0;0,0;0,0;0,0;0,0;0,0;0,0;0,0;0,0;
11:33:42;26,4;0,0;0,0;0,0;0,0;0,0;0,0;0,0;0,0;0,0;0,0;
11:33:43;26,4;0,0;0,0;0,0;0,0;0,0;0,0;0,0;0,0;0,0;0,0;
11:33:44;26,4;0,0;0,0;0,0;0,0;0,0;0,0;0,0;0,0;0,0;0,0;
11:33:45;26,4;0,0;0,0;0,0;0,0;0,0;0,0;0,0;0,0;0,0;0,0;
11:33:46;26,4;0,0;0,0;0,0;0,0;0,0;0,0;0,0;0,0;0,0;0,0;
11:33:47;26,4;0,0;0,0;0,0;0,0;0,0;0,0;0,0;0,0;0,0;0,0;
11:33:48;26,4;0,0;0,0;0,0;0,0;0,0;0,0;0,0;0,0;0,0;0,0;
11:33:49;26,4;0,0;0,0;0,0;0,0;0,0;0,0;0,0;0,0;0,0;0,0;
11:33:50;26,3;0,0;0,0;0,0;0,0;0,0;0,0;0,0;0,0;0,0;0,0;
11:33:51;26,3;0,0;0,0;0,0;0,0;0,0;0,0;0,0;0,0;0,0;0,0;
11:33:52;26,3;0,0;0,0;0,0;0,0;0,0;0,0;0,0;0,0;0,0;0,0;
11:33:53;26,3;0,0;0,0;0,0;0,0;0,0;0,0;0,0;0,0;0,0;0,0;
11:33:54;26,3;0,0;0,0;0,0;0,0;0,0;0,0;0,0;0,0;0,0;0,0;
11:33:55;26,3;0,0;0,0;0,0;0,0;0,0;0,0;0,0;0,0;0,0;0,0;
11:33:56;26,3;0,0;0,0;0,0;0,0;0,0;0,0;0,0;0,0;0,0;0,0;
11:33:57;26,3;0,0;0,0;0,0;0,0;0,0;0,0;0,0;0,0;0,0;0,0;
11:33:58;26,3;0,0;0,0;0,0;0,0;0,0;0,0;0,0;0,0;0,0;0,0;
11:34:00;26,3;0,0;0,0;0,0;0,0;0,0;0,0;0,0;0,0;0,0;0,0;
11:34:01;26,3;0,0;0,0;0,0;0,0;0,0;0,0;0,0;0,0;0,0;0,0;
11:34:02;26,3;0,0;0,0;0,0;0,0;0,0;0,0;0,0;0,0;0,0;0,0;
11:34:03;26,3;0,0;0,0;0,0;0,0;0,0;0,0;0,0;0,0;0,0;0,0;
11:34:03;26,3;0,0;0,0;0,0;0,0;0,0;0,0;0,0;0,0;0,0;0,0;
11:34:04;26,3;0,0;0,0;0,0;0,0;0,0;0,0;0,0;0,0;0,0;0,0;
11:34:05;26,3;0,0;0,0;0,0;0,0;0,0;0,0;0,0;0,0;0,0;0,0;
11:34:06;26,3;0,0;0,0;0,0;0,0;0,0;0,0;0,0;0,0;0,0;0,0;
11:34:07;26,3;0,0;0,0;0,0;0,0;0,0;0,0;0,0;0,0;0,0;0,0;
11:34:08;26,2;0,0;0,0;0,0;0,0;0,0;0,0;0,0;0,0;0,0;0,0;
11:34:09;26,2;0,0;0,0;0,0;0,0;0,0;0,0;0,0;0,0;0,0;0,0;
11:34:10;26,2;0,0;0,0;0,0;0,0;0,0;0,0;0,0;0,0;0,0;0,0;
11:34:11;26,2;0,0;0,0;0,0;0,0;0,0;0,0;0,0;0,0;0,0;0,0;
11:34:12;26,2;0,0;0,0;0,0;0,0;0,0;0,0;0,0;0,0;0,0;0,0;
11:34:13;26,2;0,0;0,0;0,0;0,0;0,0;0,0;0,0;0,0;0,0;0,0;
11:34:14;26,2;0,0;0,0;0,0;0,0;0,0;0,0;0,0;0,0;0,0;0,0;
11:34:15;26,2;0,0;0,0;0,0;0,0;0,0;0,0;0,0;0,0;0,0;0,0;
11:34:16;26,2;0,0;0,0;0,0;0,0;0,0;0,0;0,0;0,0;0,0;0,0;
11:34:18;26,2;0,0;0,0;0,0;0,0;0,0;0,0;0,0;0,0;0,0;0,0;
11:34:19;26,2;0,0;0,0;0,0;0,0;0,0;0,0;0,0;0,0;0,0;0,0;
11:34:20;26,2;0,0;0,0;0,0;0,0;0,0;0,0;0,0;0,0;0,0;0,0;
11:34:21;26,2;0,0;0,0;0,0;0,0;0,0;0,0;0,0;0,0;0,0;0,0;
11:34:22;26,2;0,0;0,0;0,0;0,0;0,0;0,0;0,0;0,0;0,0;0,0;
11:34:23;26,2;0,0;0,0;0,0;0,0;0,0;0,0;0,0;0,0;0,0;0,0;
11:34:24;26,2;0,0;0,0;0,0;0,0;0,0;0,0;0,0;0,0;0,0;0,0;
11:34:25;26,2;0,0;0,0;0,0;0,0;0,0;0,0;0,0;0,0;0,0;0,0;
11:34:26;26,2;0,0;0,0;0,0;0,0;0,0;0,0;0,0;0,0;0,0;0,0;
11:34:27;26,2;0,0;0,0;0,0;0,0;0,0;0,0;0,0;0,0;0,0;0,0;
11:34:28;26,2;0,0;0,0;0,0;0,0;0,0;0,0;0,0;0,0;0,0;0,0;
11:34:29;26,2;0,0;0,0;0,0;0,0;0,0;0,0;0,0;0,0;0,0;0,0;
11:34:30;26,2;0,0;0,0;0,0;0,0;0,0;0,0;0,0;0,0;0,0;0,0;
11:34:31;26,2;0,0;0,0;0,0;0,0;0,0;0,0;0,0;0,0;0,0;0,0;
11:34:32;26,2;0,0;0,0;0,0;0,0;0,0;0,0;0,0;0,0;0,0;0,0;
11:34:33;26,2;0,0;0,0;0,0;0,0;0,0;0,0;0,0;0,0;0,0;0,0;
11:34:34;26,2;0,0;0,0;0,0;0,0;0,0;0,0;0,0;0,0;0,0;0,0;
11:34:35;26,2;0,0;0,0;0,0;0,0;0,0;0,0;0,0;0,0;0,0;0,0;
11:34:36;26,2;0,0;0,0;0,0;0,0;0,0;0,0;0,0;0,0;0,0;0,0;
11:34:37;26,2;0,0;0,0;0,0;0,0;0,0;0,0;0,0;0,0;0,0;0,0;
11:34:38;26,2;0,0;0,0;0,0;0,0;0,0;0,0;0,0;0,0;0,0;0,0;
11:34:39;26,2;0,0;0,0;0,0;0,0;0,0;0,0;0,0;0,0;0,0;0,0;
11:34:40;26,2;0,0;0,0;0,0;0,0;0,0;0,0;0,0;0,0;0,0;0,0;
11:34:41;26,2;0,0;0,0;0,0;0,0;0,0;0,0;0,0;0,0;0,0;0,0;
11:34:42;26,2;0,0;0,0;0,0;0,0;0,0;0,0;0,0;0,0;0,0;0,0;
11:34:43;26,2;0,0;0,0;0,0;0,0;0,0;0,0;0,0;0,0;0,0;0,0;
11:34:44;26,2;0,0;0,0;0,0;0,0;0,0;0,0;0,0;0,0;0,0;0,0;
11:34:45;26,2;0,0;0,0;0,0;0,0;0,0;0,0;0,0;0,0;0,0;0,0;
11:34:46;26,2;0,0;0,0;0,0;0,0;0,0;0,0;0,0;0,0;0,0;0,0;
11:34:47;26,2;0,0;0,0;0,0;0,0;0,0;0,0;0,0;0,0;0,0;0,0;
11:34:48;26,2;0,0;0,0;0,0;0,0;0,0;0,0;0,0;0,0;0,0;0,0;
11:34:49;26,2;0,0;0,0;0,0;0,0;0,0;0,0;0,0;0,0;0,0;0,0;
11:34:50;26,2;0,0;0,0;0,0;0,0;0,0;0,0;0,0;0,0;0,0;0,0;
11:34:51;26,2;0,0;0,0;0,0;0,0;0,0;0,0;0,0;0,0;0,0;0,0;
11:34:52;26,2;0,0;0,0;0,0;0,0;0,0;0,0;0,0;0,0;0,0;0,0;
11:34:53;26,2;0,0;0,0;0,0;0,0;0,0;0,0;0,0;0,0;0,0;0,0;
11:34:54;26,2;0,0;0,0;0,0;0,0;0,0;0,0;0,0;0,0;0,0;0,0;
11:34:55;26,2;0,0;0,0;0,0;0,0;0,0;0,0;0,0;0,0;0,0;0,0;
11:34:56;26,2;0,0;0,0;0,0;0,0;0,0;0,0;0,0;0,0;0,0;0,0;
11:34:57;26,2;0,0;0,0;0,0;0,0;0,0;0,0;0,0;0,0;0,0;0,0;
11:34:58;26,2;0,0;0,0;0,0;0,0;0,0;0,0;0,0;0,0;0,0;0,0;
11:34:59;26,2;0,0;0,0;0,0;0,0;0,0;0,0;0,0;0,0;0,0;0,0;
11:35:00;26,2;0,0;0,0;0,0;0,0;0,0;0,0;0,0;0,0;0,0;0,0;
11:35:01;26,2;0,0;0,0;0,0;0,0;0,0;0,0;0,0;0,0;0,0;0,0;
11:35:02;26,2;0,0;0,0;0,0;0,0;0,0;0,0;0,0;0,0;0,0;0,0;
11:35:03;26,2;0,0;0,0;0,0;0,0;0,0;0,0;0,0;0,0;0,0;0,0;
11:35:04;26,2;0,0;0,0;0,0;0,0;0,0;0,0;0,0;0,0;0,0;0,0;
11:35:05;26,2;0,0;0,0;0,0;0,0;0,0;0,0;0,0;0,0;0,0;0,0;
11:35:06;26,2;0,0;0,0;0,0;0,0;0,0;0,0;0,0;0,0;0,0;0,0;
11:35:07;26,2;0,0;0,0;0,0;0,0;0,0;0,0;0,0;0,0;0,0;0,0;
11:35:08;26,2;0,0;0,0;0,0;0,0;0,0;0,0;0,0;0,0;0,0;0,0;
11:35:09;26,1;0,0;0,0;0,0;0,0;0,0;0,0;0,0;0,0;0,0;0,0;
11:35:10;26,1;0,0;0,0;0,0;0,0;0,0;0,0;0,0;0,0;0,0;0,0;
11:35:11;26,1;0,0;0,0;0,0;0,0;0,0;0,0;0,0;0,0;0,0;0,0;
11:35:12;26,1;0,0;0,0;0,0;0,0;0,0;0,0;0,0;0,0;0,0;0,0;
11:35:13;26,1;0,0;0,0;0,0;0,0;0,0;0,0;0,0;0,0;0,0;0,0;
11:35:14;26,1;0,0;0,0;0,0;0,0;0,0;0,0;0,0;0,0;0,0;0,0;
11:35:15;26,1;0,0;0,0;0,0;0,0;0,0;0,0;0,0;0,0;0,0;0,0;
11:35:16;26,1;0,0;0,0;0,0;0,0;0,0;0,0;0,0;0,0;0,0;0,0;
11:35:18;26,1;0,0;0,0;0,0;0,0;0,0;0,0;0,0;0,0;0,0;0,0;
11:35:19;26,0;0,0;0,0;0,0;0,0;0,0;0,0;0,0;0,0;0,0;0,0;
11:35:20;26,0;0,0;0,0;0,0;0,0;0,0;0,0;0,0;0,0;0,0;0,0;
11:35:21;26,0;0,0;0,0;0,0;0,0;0,0;0,0;0,0;0,0;0,0;0,0;
11:35:22;26,0;0,0;0,0;0,0;0,0;0,0;0,0;0,0;0,0;0,0;0,0;
11:35:23;26,0;0,0;0,0;0,0;0,0;0,0;0,0;0,0;0,0;0,0;0,0;
11:35:24;26,0;0,0;0,0;0,0;0,0;0,0;0,0;0,0;0,0;0,0;0,0;
11:35:25;26,0;0,0;0,0;0,0;0,0;0,0;0,0;0,0;0,0;0,0;0,0;
11:35:26;26,0;0,0;0,0;0,0;0,0;0,0;0,0;0,0;0,0;0,0;0,0;
11:35:27;26,0;0,0;0,0;0,0;0,0;0,0;0,0;0,0;0,0;0,0;0,0;
11:35:28;25,9;0,0;0,0;0,0;0,0;0,0;0,0;0,0;0,0;0,0;0,0;
11:35:29;25,9;0,0;0,0;0,0;0,0;0,0;0,0;0,0;0,0;0,0;0,0;
11:35:29;25,9;0,0;0,0;0,0;0,0;0,0;0,0;0,0;0,0;0,0;0,0;
11:35:30;25,9;0,0;0,0;0,0;0,0;0,0;0,0;0,0;0,0;0,0;0,0;
11:35:31;25,9;0,0;0,0;0,0;0,0;0,0;0,0;0,0;0,0;0,0;0,0;
11:35:32;25,9;0,0;0,0;0,0;0,0;0,0;0,0;0,0;0,0;0,0;0,0;
11:35:33;25,9;0,0;0,0;0,0;0,0;0,0;0,0;0,0;0,0;0,0;0,0;
11:35:34;25,9;0,0;0,0;0,0;0,0;0,0;0,0;0,0;0,0;0,0;0,0;
11:35:35;25,9;0,0;0,0;0,0;0,0;0,0;0,0;0,0;0,0;0,0;0,0;
11:35:36;25,8;0,0;0,0;0,0;0,0;0,0;0,0;0,0;0,0;0,0;0,0;
11:35:37;25,8;0,0;0,0;0,0;0,0;0,0;0,0;0,0;0,0;0,0;0,0;
11:35:38;25,8;0,0;0,0;0,0;0,0;0,0;0,0;0,0;0,0;0,0;0,0;
11:35:39;25,8;0,0;0,0;0,0;0,0;0,0;0,0;0,0;0,0;0,0;0,0;
11:35:40;25,9;0,0;0,0;0,0;0,0;0,0;0,0;0,0;0,0;0,0;0,0;
11:35:41;25,9;0,0;0,0;0,0;0,0;0,0;0,0;0,0;0,0;0,0;0,0;
11:35:43;25,9;0,0;0,0;0,0;0,0;0,0;0,0;0,0;0,0;0,0;0,0;
11:35:44;25,9;0,0;0,0;0,0;0,0;0,0;0,0;0,0;0,0;0,0;0,0;
11:35:45;25,9;0,0;0,0;0,0;0,0;0,0;0,0;0,0;0,0;0,0;0,0;
11:35:46;25,9;0,0;0,0;0,0;0,0;0,0;0,0;0,0;0,0;0,0;0,0;
11:35:47;25,9;0,0;0,0;0,0;0,0;0,0;0,0;0,0;0,0;0,0;0,0;
11:35:48;25,9;0,0;0,0;0,0;0,0;0,0;0,0;0,0;0,0;0,0;0,0;
11:35:49;25,8;0,0;0,0;0,0;0,0;0,0;0,0;0,0;0,0;0,0;0,0;
11:35:50;25,8;0,0;0,0;0,0;0,0;0,0;0,0;0,0;0,0;0,0;0,0;
11:35:51;25,8;0,0;0,0;0,0;0,0;0,0;0,0;0,0;0,0;0,0;0,0;
11:35:52;25,8;0,0;0,0;0,0;0,0;0,0;0,0;0,0;0,0;0,0;0,0;
11:35:53;25,8;0,0;0,0;0,0;0,0;0,0;0,0;0,0;0,0;0,0;0,0;
11:35:54;25,8;0,0;0,0;0,0;0,0;0,0;0,0;0,0;0,0;0,0;0,0;
11:35:55;25,8;0,0;0,0;0,0;0,0;0,0;0,0;0,0;0,0;0,0;0,0;
11:35:56;25,8;0,0;0,0;0,0;0,0;0,0;0,0;0,0;0,0;0,0;0,0;
11:35:57;25,8;0,0;0,0;0,0;0,0;0,0;0,0;0,0;0,0;0,0;0,0;
11:35:58;25,8;0,0;0,0;0,0;0,0;0,0;0,0;0,0;0,0;0,0;0,0;
11:35:59;25,8;0,0;0,0;0,0;0,0;0,0;0,0;0,0;0,0;0,0;0,0;
11:36:00;25,8;0,0;0,0;0,0;0,0;0,0;0,0;0,0;0,0;0,0;0,0;
11:36:01;25,8;0,0;0,0;0,0;0,0;0,0;0,0;0,0;0,0;0,0;0,0;
11:36:02;25,8;0,0;0,0;0,0;0,0;0,0;0,0;0,0;0,0;0,0;0,0;
11:36:03;25,8;0,0;0,0;0,0;0,0;0,0;0,0;0,0;0,0;0,0;0,0;
11:36:04;25,8;0,0;0,0;0,0;0,0;0,0;0,0;0,0;0,0;0,0;0,0;
11:36:05;25,8;0,0;0,0;0,0;0,0;0,0;0,0;0,0;0,0;0,0;0,0;
11:36:06;25,8;0,0;0,0;0,0;0,0;0,0;0,0;0,0;0,0;0,0;0,0;
11:36:07;25,7;0,0;0,0;0,0;0,0;0,0;0,0;0,0;0,0;0,0;0,0;
11:36:08;25,7;0,0;0,0;0,0;0,0;0,0;0,0;0,0;0,0;0,0;0,0;
11:36:09;25,7;0,0;0,0;0,0;0,0;0,0;0,0;0,0;0,0;0,0;0,0;
11:36:10;25,7;0,0;0,0;0,0;0,0;0,0;0,0;0,0;0,0;0,0;0,0;
11:36:11;25,7;0,0;0,0;0,0;0,0;0,0;0,0;0,0;0,0;0,0;0,0;
11:36:12;25,7;0,0;0,0;0,0;0,0;0,0;0,0;0,0;0,0;0,0;0,0;
11:36:13;25,7;0,0;0,0;0,0;0,0;0,0;0,0;0,0;0,0;0,0;0,0;
11:36:14;25,7;0,0;0,0;0,0;0,0;0,0;0,0;0,0;0,0;0,0;0,0;
11:36:15;25,7;0,0;0,0;0,0;0,0;0,0;0,0;0,0;0,0;0,0;0,0;
11:36:16;25,7;0,0;0,0;0,0;0,0;0,0;0,0;0,0;0,0;0,0;0,0;
11:36:17;25,7;0,0;0,0;0,0;0,0;0,0;0,0;0,0;0,0;0,0;0,0;
11:36:18;25,7;0,0;0,0;0,0;0,0;0,0;0,0;0,0;0,0;0,0;0,0;
11:36:19;25,7;0,0;0,0;0,0;0,0;0,0;0,0;0,0;0,0;0,0;0,0;
11:36:20;25,6;0,0;0,0;0,0;0,0;0,0;0,0;0,0;0,0;0,0;0,0;
11:36:21;25,6;0,0;0,0;0,0;0,0;0,0;0,0;0,0;0,0;0,0;0,0;
11:36:22;25,6;0,0;0,0;0,0;0,0;0,0;0,0;0,0;0,0;0,0;0,0;
11:36:23;25,6;0,0;0,0;0,0;0,0;0,0;0,0;0,0;0,0;0,0;0,0;
11:36:24;25,6;0,0;0,0;0,0;0,0;0,0;0,0;0,0;0,0;0,0;0,0;
11:36:25;25,6;0,0;0,0;0,0;0,0;0,0;0,0;0,0;0,0;0,0;0,0;
11:36:26;25,6;0,0;0,0;0,0;0,0;0,0;0,0;0,0;0,0;0,0;0,0;
11:36:27;25,6;0,0;0,0;0,0;0,0;0,0;0,0;0,0;0,0;0,0;0,0;
11:36:28;25,6;0,0;0,0;0,0;0,0;0,0;0,0;0,0;0,0;0,0;0,0;
11:36:30;25,6;0,0;0,0;0,0;0,0;0,0;0,0;0,0;0,0;0,0;0,0;
11:36:31;25,6;0,0;0,0;0,0;0,0;0,0;0,0;0,0;0,0;0,0;0,0;
11:36:32;25,6;0,0;0,0;0,0;0,0;0,0;0,0;0,0;0,0;0,0;0,0;
11:36:33;25,6;0,0;0,0;0,0;0,0;0,0;0,0;0,0;0,0;0,0;0,0;
11:36:34;25,5;0,0;0,0;0,0;0,0;0,0;0,0;0,0;0,0;0,0;0,0;
11:36:35;25,5;0,0;0,0;0,0;0,0;0,0;0,0;0,0;0,0;0,0;0,0;
11:36:36;25,5;0,0;0,0;0,0;0,0;0,0;0,0;0,0;0,0;0,0;0,0;
11:36:37;25,5;0,0;0,0;0,0;0,0;0,0;0,0;0,0;0,0;0,0;0,0;
11:36:38;25,5;0,0;0,0;0,0;0,0;0,0;0,0;0,0;0,0;0,0;0,0;
11:36:39;25,5;0,0;0,0;0,0;0,0;0,0;0,0;0,0;0,0;0,0;0,0;
11:36:40;25,5;0,0;0,0;0,0;0,0;0,0;0,0;0,0;0,0;0,0;0,0;
11:36:41;25,5;0,0;0,0;0,0;0,0;0,0;0,0;0,0;0,0;0,0;0,0;
11:36:42;25,5;0,0;0,0;0,0;0,0;0,0;0,0;0,0;0,0;0,0;0,0;
11:36:42;25,5;0,0;0,0;0,0;0,0;0,0;0,0;0,0;0,0;0,0;0,0;
11:36:43;25,5;0,0;0,0;0,0;0,0;0,0;0,0;0,0;0,0;0,0;0,0;
11:36:44;25,5;0,0;0,0;0,0;0,0;0,0;0,0;0,0;0,0;0,0;0,0;
11:36:45;25,5;0,0;0,0;0,0;0,0;0,0;0,0;0,0;0,0;0,0;0,0;
11:36:46;25,4;0,0;0,0;0,0;0,0;0,0;0,0;0,0;0,0;0,0;0,0;
11:36:47;25,4;0,0;0,0;0,0;0,0;0,0;0,0;0,0;0,0;0,0;0,0;
11:36:48;25,4;0,0;0,0;0,0;0,0;0,0;0,0;0,0;0,0;0,0;0,0;
11:36:50;25,4;0,0;0,0;0,0;0,0;0,0;0,0;0,0;0,0;0,0;0,0;
11:36:51;25,4;0,0;0,0;0,0;0,0;0,0;0,0;0,0;0,0;0,0;0,0;
11:36:52;25,4;0,0;0,0;0,0;0,0;0,0;0,0;0,0;0,0;0,0;0,0;
11:36:53;25,4;0,0;0,0;0,0;0,0;0,0;0,0;0,0;0,0;0,0;0,0;
11:36:54;25,4;0,0;0,0;0,0;0,0;0,0;0,0;0,0;0,0;0,0;0,0;
11:36:55;25,4;0,0;0,0;0,0;0,0;0,0;0,0;0,0;0,0;0,0;0,0;
11:36:56;25,4;0,0;0,0;0,0;0,0;0,0;0,0;0,0;0,0;0,0;0,0;
11:36:57;25,4;0,0;0,0;0,0;0,0;0,0;0,0;0,0;0,0;0,0;0,0;
11:36:58;25,4;0,0;0,0;0,0;0,0;0,0;0,0;0,0;0,0;0,0;0,0;
11:36:59;25,4;0,0;0,0;0,0;0,0;0,0;0,0;0,0;0,0;0,0;0,0;
11:37:00;25,4;0,0;0,0;0,0;0,0;0,0;0,0;0,0;0,0;0,0;0,0;
11:37:01;25,4;0,0;0,0;0,0;0,0;0,0;0,0;0,0;0,0;0,0;0,0;
11:37:02;25,4;0,0;0,0;0,0;0,0;0,0;0,0;0,0;0,0;0,0;0,0;
11:37:03;25,4;0,0;0,0;0,0;0,0;0,0;0,0;0,0;0,0;0,0;0,0;
11:37:04;25,3;0,0;0,0;0,0;0,0;0,0;0,0;0,0;0,0;0,0;0,0;
11:37:05;25,3;0,0;0,0;0,0;0,0;0,0;0,0;0,0;0,0;0,0;0,0;
11:37:06;25,3;0,0;0,0;0,0;0,0;0,0;0,0;0,0;0,0;0,0;0,0;
11:37:07;25,3;0,0;0,0;0,0;0,0;0,0;0,0;0,0;0,0;0,0;0,0;
11:37:08;25,3;0,0;0,0;0,0;0,0;0,0;0,0;0,0;0,0;0,0;0,0;
11:37:09;25,3;0,0;0,0;0,0;0,0;0,0;0,0;0,0;0,0;0,0;0,0;
11:37:10;25,3;0,0;0,0;0,0;0,0;0,0;0,0;0,0;0,0;0,0;0,0;
11:37:11;25,3;0,0;0,0;0,0;0,0;0,0;0,0;0,0;0,0;0,0;0,0;
11:37:12;25,3;0,0;0,0;0,0;0,0;0,0;0,0;0,0;0,0;0,0;0,0;
11:37:13;25,3;0,0;0,0;0,0;0,0;0,0;0,0;0,0;0,0;0,0;0,0;
11:37:14;25,3;0,0;0,0;0,0;0,0;0,0;0,0;0,0;0,0;0,0;0,0;
11:37:15;25,3;0,0;0,0;0,0;0,0;0,0;0,0;0,0;0,0;0,0;0,0;
11:37:16;25,3;0,0;0,0;0,0;0,0;0,0;0,0;0,0;0,0;0,0;0,0;
11:37:17;25,3;0,0;0,0;0,0;0,0;0,0;0,0;0,0;0,0;0,0;0,0;
11:37:18;25,3;0,0;0,0;0,0;0,0;0,0;0,0;0,0;0,0;0,0;0,0;
11:37:19;25,3;0,0;0,0;0,0;0,0;0,0;0,0;0,0;0,0;0,0;0,0;
11:37:20;25,3;0,0;0,0;0,0;0,0;0,0;0,0;0,0;0,0;0,0;0,0;
11:37:21;25,2;0,0;0,0;0,0;0,0;0,0;0,0;0,0;0,0;0,0;0,0;
11:37:22;25,2;0,0;0,0;0,0;0,0;0,0;0,0;0,0;0,0;0,0;0,0;
11:37:23;25,2;0,0;0,0;0,0;0,0;0,0;0,0;0,0;0,0;0,0;0,0;
11:37:24;25,2;0,0;0,0;0,0;0,0;0,0;0,0;0,0;0,0;0,0;0,0;
11:37:25;25,2;0,0;0,0;0,0;0,0;0,0;0,0;0,0;0,0;0,0;0,0;
11:37:26;25,2;0,0;0,0;0,0;0,0;0,0;0,0;0,0;0,0;0,0;0,0;
11:37:27;25,2;0,0;0,0;0,0;0,0;0,0;0,0;0,0;0,0;0,0;0,0;
11:37:28;25,2;0,0;0,0;0,0;0,0;0,0;0,0;0,0;0,0;0,0;0,0;
11:37:29;25,2;0,0;0,0;0,0;0,0;0,0;0,0;0,0;0,0;0,0;0,0;
11:37:30;25,2;0,0;0,0;0,0;0,0;0,0;0,0;0,0;0,0;0,0;0,0;
11:37:31;25,2;0,0;0,0;0,0;0,0;0,0;0,0;0,0;0,0;0,0;0,0;
11:37:32;25,2;0,0;0,0;0,0;0,0;0,0;0,0;0,0;0,0;0,0;0,0;
11:37:33;25,2;0,0;0,0;0,0;0,0;0,0;0,0;0,0;0,0;0,0;0,0;
11:37:34;25,2;0,0;0,0;0,0;0,0;0,0;0,0;0,0;0,0;0,0;0,0;
11:37:35;25,2;0,0;0,0;0,0;0,0;0,0;0,0;0,0;0,0;0,0;0,0;
11:37:36;25,2;0,0;0,0;0,0;0,0;0,0;0,0;0,0;0,0;0,0;0,0;
11:37:37;25,2;0,0;0,0;0,0;0,0;0,0;0,0;0,0;0,0;0,0;0,0;
11:37:38;25,2;0,0;0,0;0,0;0,0;0,0;0,0;0,0;0,0;0,0;0,0;
11:37:39;25,2;0,0;0,0;0,0;0,0;0,0;0,0;0,0;0,0;0,0;0,0;
11:37:40;25,2;0,0;0,0;0,0;0,0;0,0;0,0;0,0;0,0;0,0;0,0;
11:37:41;25,2;0,0;0,0;0,0;0,0;0,0;0,0;0,0;0,0;0,0;0,0;
11:37:42;25,1;0,0;0,0;0,0;0,0;0,0;0,0;0,0;0,0;0,0;0,0;
11:37:43;25,1;0,0;0,0;0,0;0,0;0,0;0,0;0,0;0,0;0,0;0,0;
11:37:44;25,1;0,0;0,0;0,0;0,0;0,0;0,0;0,0;0,0;0,0;0,0;
11:37:45;25,1;0,0;0,0;0,0;0,0;0,0;0,0;0,0;0,0;0,0;0,0;
11:37:47;25,1;0,0;0,0;0,0;0,0;0,0;0,0;0,0;0,0;0,0;0,0;
11:37:48;25,0;0,0;0,0;0,0;0,0;0,0;0,0;0,0;0,0;0,0;0,0;
11:37:49;25,0;0,0;0,0;0,0;0,0;0,0;0,0;0,0;0,0;0,0;0,0;
11:37:50;25,0;0,0;0,0;0,0;0,0;0,0;0,0;0,0;0,0;0,0;0,0;
11:37:51;25,0;0,0;0,0;0,0;0,0;0,0;0,0;0,0;0,0;0,0;0,0;
11:37:52;25,0;0,0;0,0;0,0;0,0;0,0;0,0;0,0;0,0;0,0;0,0;
11:37:53;25,0;0,0;0,0;0,0;0,0;0,0;0,0;0,0;0,0;0,0;0,0;
11:37:54;25,0;0,0;0,0;0,0;0,0;0,0;0,0;0,0;0,0;0,0;0,0;
11:37:55;25,0;0,0;0,0;0,0;0,0;0,0;0,0;0,0;0,0;0,0;0,0;
11:37:56;25,0;0,0;0,0;0,0;0,0;0,0;0,0;0,0;0,0;0,0;0,0;
11:37:57;25,0;0,0;0,0;0,0;0,0;0,0;0,0;0,0;0,0;0,0;0,0;
11:37:58;25,0;0,0;0,0;0,0;0,0;0,0;0,0;0,0;0,0;0,0;0,0;
11:37:59;25,0;0,0;0,0;0,0;0,0;0,0;0,0;0,0;0,0;0,0;0,0;
11:38:00;25,0;0,0;0,0;0,0;0,0;0,0;0,0;0,0;0,0;0,0;0,0;
11:38:01;24,9;0,0;0,0;0,0;0,0;0,0;0,0;0,0;0,0;0,0;0,0;
11:38:02;24,9;0,0;0,0;0,0;0,0;0,0;0,0;0,0;0,0;0,0;0,0;
11:38:02;24,9;0,0;0,0;0,0;0,0;0,0;0,0;0,0;0,0;0,0;0,0;
11:38:03;24,9;0,0;0,0;0,0;0,0;0,0;0,0;0,0;0,0;0,0;0,0;
11:38:04;24,9;0,0;0,0;0,0;0,0;0,0;0,0;0,0;0,0;0,0;0,0;
11:38:05;24,9;0,0;0,0;0,0;0,0;0,0;0,0;0,0;0,0;0,0;0,0;
11:38:07;24,9;0,0;0,0;0,0;0,0;0,0;0,0;0,0;0,0;0,0;0,0;
11:38:08;24,9;0,0;0,0;0,0;0,0;0,0;0,0;0,0;0,0;0,0;0,0;
11:38:09;24,9;0,0;0,0;0,0;0,0;0,0;0,0;0,0;0,0;0,0;0,0;
11:38:10;24,9;0,0;0,0;0,0;0,0;0,0;0,0;0,0;0,0;0,0;0,0;
11:38:11;24,9;0,0;0,0;0,0;0,0;0,0;0,0;0,0;0,0;0,0;0,0;
11:38:12;24,9;0,0;0,0;0,0;0,0;0,0;0,0;0,0;0,0;0,0;0,0;
11:38:13;24,9;0,0;0,0;0,0;0,0;0,0;0,0;0,0;0,0;0,0;0,0;
11:38:14;24,8;0,0;0,0;0,0;0,0;0,0;0,0;0,0;0,0;0,0;0,0;
11:38:15;24,8;0,0;0,0;0,0;0,0;0,0;0,0;0,0;0,0;0,0;0,0;
11:38:16;24,8;0,0;0,0;0,0;0,0;0,0;0,0;0,0;0,0;0,0;0,0;
11:38:17;24,8;0,0;0,0;0,0;0,0;0,0;0,0;0,0;0,0;0,0;0,0;
11:38:18;24,7;0,0;0,0;0,0;0,0;0,0;0,0;0,0;0,0;0,0;0,0;
11:38:19;24,7;0,0;0,0;0,0;0,0;0,0;0,0;0,0;0,0;0,0;0,0;
11:38:20;24,7;0,0;0,0;0,0;0,0;0,0;0,0;0,0;0,0;0,0;0,0;
11:38:21;24,7;0,0;0,0;0,0;0,0;0,0;0,0;0,0;0,0;0,0;0,0;
11:38:22;24,7;0,0;0,0;0,0;0,0;0,0;0,0;0,0;0,0;0,0;0,0;
11:38:23;24,7;0,0;0,0;0,0;0,0;0,0;0,0;0,0;0,0;0,0;0,0;
11:38:24;24,7;0,0;0,0;0,0;0,0;0,0;0,0;0,0;0,0;0,0;0,0;
11:38:25;24,7;0,0;0,0;0,0;0,0;0,0;0,0;0,0;0,0;0,0;0,0;
11:38:26;24,7;0,0;0,0;0,0;0,0;0,0;0,0;0,0;0,0;0,0;0,0;
11:38:27;24,7;0,0;0,0;0,0;0,0;0,0;0,0;0,0;0,0;0,0;0,0;
11:38:28;24,7;0,0;0,0;0,0;0,0;0,0;0,0;0,0;0,0;0,0;0,0;
11:38:29;24,7;0,0;0,0;0,0;0,0;0,0;0,0;0,0;0,0;0,0;0,0;
11:38:30;24,7;0,0;0,0;0,0;0,0;0,0;0,0;0,0;0,0;0,0;0,0;
11:38:31;24,6;0,0;0,0;0,0;0,0;0,0;0,0;0,0;0,0;0,0;0,0;
11:38:32;24,6;0,0;0,0;0,0;0,0;0,0;0,0;0,0;0,0;0,0;0,0;
11:38:33;24,6;0,0;0,0;0,0;0,0;0,0;0,0;0,0;0,0;0,0;0,0;
11:38:34;24,6;0,0;0,0;0,0;0,0;0,0;0,0;0,0;0,0;0,0;0,0;
11:38:35;24,6;0,0;0,0;0,0;0,0;0,0;0,0;0,0;0,0;0,0;0,0;
11:38:36;24,6;0,0;0,0;0,0;0,0;0,0;0,0;0,0;0,0;0,0;0,0;
11:38:37;24,6;0,0;0,0;0,0;0,0;0,0;0,0;0,0;0,0;0,0;0,0;
11:38:38;24,6;0,0;0,0;0,0;0,0;0,0;0,0;0,0;0,0;0,0;0,0;
11:38:39;24,6;0,0;0,0;0,0;0,0;0,0;0,0;0,0;0,0;0,0;0,0;
11:38:40;24,5;0,0;0,0;0,0;0,0;0,0;0,0;0,0;0,0;0,0;0,0;
11:38:41;24,5;0,0;0,0;0,0;0,0;0,0;0,0;0,0;0,0;0,0;0,0;
11:38:42;24,5;0,0;0,0;0,0;0,0;0,0;0,0;0,0;0,0;0,0;0,0;
11:38:43;24,5;0,0;0,0;0,0;0,0;0,0;0,0;0,0;0,0;0,0;0,0;
11:38:44;24,5;0,0;0,0;0,0;0,0;0,0;0,0;0,0;0,0;0,0;0,0;
11:38:45;24,5;0,0;0,0;0,0;0,0;0,0;0,0;0,0;0,0;0,0;0,0;
11:38:46;24,5;0,0;0,0;0,0;0,0;0,0;0,0;0,0;0,0;0,0;0,0;
11:38:47;24,5;0,0;0,0;0,0;0,0;0,0;0,0;0,0;0,0;0,0;0,0;
11:38:48;24,4;0,0;0,0;0,0;0,0;0,0;0,0;0,0;0,0;0,0;0,0;
11:38:49;24,4;0,0;0,0;0,0;0,0;0,0;0,0;0,0;0,0;0,0;0,0;
11:38:50;24,4;0,0;0,0;0,0;0,0;0,0;0,0;0,0;0,0;0,0;0,0;
11:38:51;24,4;0,0;0,0;0,0;0,0;0,0;0,0;0,0;0,0;0,0;0,0;
11:38:52;24,4;0,0;0,0;0,0;0,0;0,0;0,0;0,0;0,0;0,0;0,0;
11:38:53;24,4;0,0;0,0;0,0;0,0;0,0;0,0;0,0;0,0;0,0;0,0;
11:38:54;24,4;0,0;0,0;0,0;0,0;0,0;0,0;0,0;0,0;0,0;0,0;
11:38:55;24,4;0,0;0,0;0,0;0,0;0,0;0,0;0,0;0,0;0,0;0,0;
11:38:56;24,4;0,0;0,0;0,0;0,0;0,0;0,0;0,0;0,0;0,0;0,0;
11:38:57;24,4;0,0;0,0;0,0;0,0;0,0;0,0;0,0;0,0;0,0;0,0;
11:38:58;24,4;0,0;0,0;0,0;0,0;0,0;0,0;0,0;0,0;0,0;0,0;
11:39:00;24,4;0,0;0,0;0,0;0,0;0,0;0,0;0,0;0,0;0,0;0,0;
11:39:01;24,4;0,0;0,0;0,0;0,0;0,0;0,0;0,0;0,0;0,0;0,0;
11:39:02;24,4;0,0;0,0;0,0;0,0;0,0;0,0;0,0;0,0;0,0;0,0;
11:39:03;24,3;0,0;0,0;0,0;0,0;0,0;0,0;0,0;0,0;0,0;0,0;
11:39:04;24,3;0,0;0,0;0,0;0,0;0,0;0,0;0,0;0,0;0,0;0,0;
11:39:05;24,3;0,0;0,0;0,0;0,0;0,0;0,0;0,0;0,0;0,0;0,0;
11:39:06;24,3;0,0;0,0;0,0;0,0;0,0;0,0;0,0;0,0;0,0;0,0;
11:39:07;24,3;0,0;0,0;0,0;0,0;0,0;0,0;0,0;0,0;0,0;0,0;
11:39:08;24,3;0,0;0,0;0,0;0,0;0,0;0,0;0,0;0,0;0,0;0,0;
11:39:09;24,3;0,0;0,0;0,0;0,0;0,0;0,0;0,0;0,0;0,0;0,0;
11:39:10;24,3;0,0;0,0;0,0;0,0;0,0;0,0;0,0;0,0;0,0;0,0;
11:39:11;24,3;0,0;0,0;0,0;0,0;0,0;0,0;0,0;0,0;0,0;0,0;
11:39:12;24,2;0,0;0,0;0,0;0,0;0,0;0,0;0,0;0,0;0,0;0,0;
11:39:13;24,2;0,0;0,0;0,0;0,0;0,0;0,0;0,0;0,0;0,0;0,0;
11:39:14;24,2;0,0;0,0;0,0;0,0;0,0;0,0;0,0;0,0;0,0;0,0;
11:39:15;24,2;0,0;0,0;0,0;0,0;0,0;0,0;0,0;0,0;0,0;0,0;
11:39:15;24,2;0,0;0,0;0,0;0,0;0,0;0,0;0,0;0,0;0,0;0,0;
11:39:16;24,2;0,0;0,0;0,0;0,0;0,0;0,0;0,0;0,0;0,0;0,0;
11:39:17;24,2;0,0;0,0;0,0;0,0;0,0;0,0;0,0;0,0;0,0;0,0;
11:39:19;24,2;0,0;0,0;0,0;0,0;0,0;0,0;0,0;0,0;0,0;0,0;
11:39:20;24,1;0,0;0,0;0,0;0,0;0,0;0,0;0,0;0,0;0,0;0,0;
11:39:21;24,1;0,0;0,0;0,0;0,0;0,0;0,0;0,0;0,0;0,0;0,0;
11:39:22;24,1;0,0;0,0;0,0;0,0;0,0;0,0;0,0;0,0;0,0;0,0;
11:39:23;24,1;0,0;0,0;0,0;0,0;0,0;0,0;0,0;0,0;0,0;0,0;
11:39:24;24,1;0,0;0,0;0,0;0,0;0,0;0,0;0,0;0,0;0,0;0,0;
11:39:25;24,1;0,0;0,0;0,0;0,0;0,0;0,0;0,0;0,0;0,0;0,0;
11:39:26;24,1;0,0;0,0;0,0;0,0;0,0;0,0;0,0;0,0;0,0;0,0;
11:39:27;24,1;0,0;0,0;0,0;0,0;0,0;0,0;0,0;0,0;0,0;0,0;
11:39:28;24,1;0,0;0,0;0,0;0,0;0,0;0,0;0,0;0,0;0,0;0,0;
11:39:29;24,1;0,0;0,0;0,0;0,0;0,0;0,0;0,0;0,0;0,0;0,0;
11:39:30;24,1;0,0;0,0;0,0;0,0;0,0;0,0;0,0;0,0;0,0;0,0;
11:39:31;24,1;0,0;0,0;0,0;0,0;0,0;0,0;0,0;0,0;0,0;0,0;
11:39:32;24,1;0,0;0,0;0,0;0,0;0,0;0,0;0,0;0,0;0,0;0,0;
11:39:33;24,0;0,0;0,0;0,0;0,0;0,0;0,0;0,0;0,0;0,0;0,0;
11:39:34;24,0;0,0;0,0;0,0;0,0;0,0;0,0;0,0;0,0;0,0;0,0;
11:39:35;24,0;0,0;0,0;0,0;0,0;0,0;0,0;0,0;0,0;0,0;0,0;
11:39:36;24,0;0,0;0,0;0,0;0,0;0,0;0,0;0,0;0,0;0,0;0,0;
11:39:37;24,0;0,0;0,0;0,0;0,0;0,0;0,0;0,0;0,0;0,0;0,0;
11:39:38;24,0;0,0;0,0;0,0;0,0;0,0;0,0;0,0;0,0;0,0;0,0;
11:39:39;24,0;0,0;0,0;0,0;0,0;0,0;0,0;0,0;0,0;0,0;0,0;
11:39:40;24,0;0,0;0,0;0,0;0,0;0,0;0,0;0,0;0,0;0,0;0,0;
11:39:41;24,0;0,0;0,0;0,0;0,0;0,0;0,0;0,0;0,0;0,0;0,0;
11:39:42;24,0;0,0;0,0;0,0;0,0;0,0;0,0;0,0;0,0;0,0;0,0;
11:39:43;24,0;0,0;0,0;0,0;0,0;0,0;0,0;0,0;0,0;0,0;0,0;
11:39:44;24,0;0,0;0,0;0,0;0,0;0,0;0,0;0,0;0,0;0,0;0,0;
11:39:45;24,0;0,0;0,0;0,0;0,0;0,0;0,0;0,0;0,0;0,0;0,0;
11:39:46;24,0;0,0;0,0;0,0;0,0;0,0;0,0;0,0;0,0;0,0;0,0;
11:39:47;24,0;0,0;0,0;0,0;0,0;0,0;0,0;0,0;0,0;0,0;0,0;
11:39:48;24,0;0,0;0,0;0,0;0,0;0,0;0,0;0,0;0,0;0,0;0,0;
11:39:49;24,0;0,0;0,0;0,0;0,0;0,0;0,0;0,0;0,0;0,0;0,0;
11:39:50;24,0;0,0;0,0;0,0;0,0;0,0;0,0;0,0;0,0;0,0;0,0;
11:39:51;23,9;0,0;0,0;0,0;0,0;0,0;0,0;0,0;0,0;0,0;0,0;
11:39:52;23,9;0,0;0,0;0,0;0,0;0,0;0,0;0,0;0,0;0,0;0,0;
11:39:53;23,9;0,0;0,0;0,0;0,0;0,0;0,0;0,0;0,0;0,0;0,0;
11:39:54;23,9;0,0;0,0;0,0;0,0;0,0;0,0;0,0;0,0;0,0;0,0;
11:39:55;23,9;0,0;0,0;0,0;0,0;0,0;0,0;0,0;0,0;0,0;0,0;
11:39:56;23,9;0,0;0,0;0,0;0,0;0,0;0,0;0,0;0,0;0,0;0,0;
11:39:57;23,9;0,0;0,0;0,0;0,0;0,0;0,0;0,0;0,0;0,0;0,0;
11:39:58;23,9;0,0;0,0;0,0;0,0;0,0;0,0;0,0;0,0;0,0;0,0;
11:39:59;23,9;0,0;0,0;0,0;0,0;0,0;0,0;0,0;0,0;0,0;0,0;
11:40:00;23,9;0,0;0,0;0,0;0,0;0,0;0,0;0,0;0,0;0,0;0,0;
11:40:01;23,9;0,0;0,0;0,0;0,0;0,0;0,0;0,0;0,0;0,0;0,0;
11:40:02;23,9;0,0;0,0;0,0;0,0;0,0;0,0;0,0;0,0;0,0;0,0;
11:40:03;23,8;0,0;0,0;0,0;0,0;0,0;0,0;0,0;0,0;0,0;0,0;
11:40:04;23,8;0,0;0,0;0,0;0,0;0,0;0,0;0,0;0,0;0,0;0,0;
11:40:05;23,8;0,0;0,0;0,0;0,0;0,0;0,0;0,0;0,0;0,0;0,0;
11:40:06;23,8;0,0;0,0;0,0;0,0;0,0;0,0;0,0;0,0;0,0;0,0;
11:40:07;23,8;0,0;0,0;0,0;0,0;0,0;0,0;0,0;0,0;0,0;0,0;
11:40:08;23,8;0,0;0,0;0,0;0,0;0,0;0,0;0,0;0,0;0,0;0,0;
11:40:09;23,8;0,0;0,0;0,0;0,0;0,0;0,0;0,0;0,0;0,0;0,0;
11:40:10;23,8;0,0;0,0;0,0;0,0;0,0;0,0;0,0;0,0;0,0;0,0;
11:40:11;23,8;0,0;0,0;0,0;0,0;0,0;0,0;0,0;0,0;0,0;0,0;
11:40:12;23,8;0,0;0,0;0,0;0,0;0,0;0,0;0,0;0,0;0,0;0,0;
11:40:13;23,8;0,0;0,0;0,0;0,0;0,0;0,0;0,0;0,0;0,0;0,0;
11:40:14;23,8;0,0;0,0;0,0;0,0;0,0;0,0;0,0;0,0;0,0;0,0;
11:40:15;23,8;0,0;0,0;0,0;0,0;0,0;0,0;0,0;0,0;0,0;0,0;
11:40:17;23,7;0,0;0,0;0,0;0,0;0,0;0,0;1,7;0,0;0,0;0,0;
11:40:18;23,7;0,0;0,0;0,0;0,0;0,0;0,0;1,5;0,0;0,0;0,0;
11:40:19;23,7;0,0;0,0;0,0;0,0;0,0;0,0;0,7;0,0;0,0;0,0;
11:40:20;23,7;0,0;0,0;0,0;0,0;0,0;0,0;0,3;0,0;0,0;0,0;
11:40:21;23,7;0,0;0,0;0,0;0,0;0,0;0,0;0,3;0,0;0,0;0,0;
11:40:22;23,7;0,0;0,0;0,0;0,0;0,0;0,0;0,1;0,0;0,0;0,0;
11:40:23;23,7;0,0;0,0;0,0;0,0;0,0;0,0;0,1;0,0;0,0;0,0;
11:40:24;23,7;0,0;0,0;0,0;0,0;0,0;0,0;0,9;0,0;0,0;0,0;
11:40:25;23,7;0,0;0,0;0,0;0,0;0,0;0,0;0,9;0,0;0,0;0,0;
11:40:26;23,7;0,0;0,0;0,0;0,0;0,0;0,0;0,8;0,0;0,0;0,0;
11:40:27;23,7;0,0;0,0;0,0;0,0;0,0;0,0;0,7;0,0;0,0;0,0;
11:40:28;23,7;0,0;0,0;0,0;0,0;0,0;0,0;0,8;0,0;0,0;0,0;
11:40:29;23,7;0,0;0,0;0,0;0,0;0,0;0,0;0,8;0,0;0,0;0,0;
11:40:30;23,7;0,0;0,0;0,0;0,0;0,0;0,0;0,8;0,0;0,0;0,0;
11:40:31;23,7;0,0;0,0;0,0;0,0;0,0;0,0;0,8;0,0;0,0;0,0;
11:40:32;23,7;0,0;0,0;0,0;0,0;0,0;0,0;0,9;0,0;0,0;0,0;
11:40:33;23,6;0,0;0,0;0,0;0,0;0,0;0,0;0,9;0,0;0,0;0,0;
11:40:34;23,6;0,0;0,0;0,0;0,0;0,0;0,0;0,9;0,0;0,0;0,0;
11:40:35;23,6;0,0;0,0;0,0;0,0;0,0;0,0;0,9;0,0;0,0;0,0;
11:40:36;23,6;0,0;0,0;0,0;0,0;0,0;0,0;0,9;0,0;0,0;0,0;
11:40:37;23,6;0,0;0,0;0,0;0,0;0,0;0,0;0,9;0,0;0,0;0,0;
11:40:38;23,6;0,0;0,0;0,0;0,0;0,0;0,0;0,9;0,0;0,0;0,0;
11:40:39;23,6;0,0;0,0;0,0;0,0;0,0;0,0;0,9;0,0;0,0;0,0;
11:40:40;23,6;0,0;0,0;0,0;0,0;0,0;0,0;0,9;0,0;0,0;0,0;
11:40:41;23,6;0,0;0,0;0,0;0,0;0,0;0,0;0,9;0,0;0,0;0,0;
11:40:42;23,6;0,0;0,0;0,0;0,0;0,0;0,0;0,9;0,0;0,0;0,0;
11:40:43;23,6;0,0;0,0;0,0;0,0;0,0;0,0;0,9;0,0;0,0;0,0;
11:40:44;23,6;0,0;0,0;0,0;0,0;0,0;0,0;1,0;0,0;0,0;0,0;
11:40:45;23,6;0,0;0,0;0,0;0,0;0,0;0,0;1,0;0,0;0,0;0,0;
11:40:46;23,6;0,0;0,0;0,0;0,0;0,0;0,0;0,9;0,0;0,0;0,0;
11:40:47;23,6;0,0;0,0;0,0;0,0;0,0;0,0;0,8;0,0;0,0;0,0;
11:40:48;23,5;0,0;0,0;0,0;0,0;0,0;0,0;0,8;0,0;0,0;0,0;
11:40:49;23,5;0,0;0,0;0,0;0,0;0,0;0,0;0,9;0,0;0,0;0,0;
11:40:50;23,5;0,0;0,0;0,0;0,0;0,0;0,0;0,9;0,0;0,0;0,0;
11:40:51;23,5;0,0;0,0;0,0;0,0;0,0;0,0;1,0;0,0;0,0;0,0;
11:40:52;23,5;0,0;0,0;0,0;0,0;0,0;0,0;1,0;0,0;0,0;0,0;
11:40:53;23,5;0,0;0,0;0,0;0,0;0,0;0,0;1,0;0,0;0,0;0,0;
11:40:54;23,5;0,0;0,0;0,0;0,0;0,0;0,0;1,0;0,0;0,0;0,0;
11:40:55;23,5;0,0;0,0;0,0;0,0;0,0;0,0;1,0;0,0;0,0;0,0;
11:40:56;23,5;0,0;0,0;0,0;0;1;0,0;1,0;0,0;0,0;0,0;
11:40:57;23,5;0,0;0,0;0,0;101;1;0,0;1,0;0,0;0,0;0,0;
11:40:58;23,5;0,0;0,0;0,0;101;1;0,0;1,0;0,0;0,0;0,0;
11:40:59;23,5;0,0;0,0;0,0;101;1;0,0;1,0;0,0;0,0;0,0;
11:41:00;46,5;0,0;0,0;0,0;101;1;0,0;1,0;0,0;0,0;0,0;
11:41:01;46,5;0,0;0,0;0,0;101;1;0,0;1,0;0,0;0,0;0,0;
11:41:02;46,5;0,0;0,0;0,0;101;1;0,0;1,0;0,0;0,0;0,0;
11:41:03;46,5;0,0;0,0;0,0;101;1;0,0;1,0;0,0;0,0;0,0;
11:41:04;53,9;0,0;0,0;0,0;101;1;0,0;1,0;0,0;0,0;0,0;
11:41:05;53,9;0,0;0,0;0,0;101;1;0,0;1,0;0,0;0,0;0,0;
11:41:06;53,9;0,0;0,0;0,0;101;1;0,0;1,0;0,0;0,0;0,0;
11:41:07;53,9;0,0;0,0;0,0;101;1;0,0;1,0;0,0;0,0;0,0;
11:41:08;57,4;0,0;0,0;0,0;101;1;0,0;1,0;0,0;0,0;0,0;
11:41:09;57,4;0,0;0,0;0,0;101;1;0,0;1,0;0,0;0,0;0,0;
11:41:10;57,4;0,0;0,0;0,0;101;1;0,0;1,0;0,0;0,0;0,0;
11:41:11;59,8;0,0;0,0;0,0;101;1;0,0;1,0;0,0;0,0;0,0;
11:41:12;59,8;0,0;0,0;0,0;101;1;0,0;1,0;0,0;0,0;0,0;
11:41:13;59,8;0,0;0,0;0,0;101;1;0,0;1,0;0,0;0,0;0,0;
11:41:14;59,8;0,0;0,0;0,0;101;1;0,0;1,0;0,0;0,0;0,0;
11:41:15;61,5;0,0;0,0;0,0;101;1;0,0;1,0;0,0;0,0;0,0;
11:41:16;61,5;0,0;0,0;0,0;101;1;0,0;1,0;0,0;0,0;0,0;
11:41:17;61,5;0,0;0,0;0,0;101;1;0,0;1,0;0,0;0,0;0,0;
11:41:18;61,5;0,0;0,0;0,0;101;1;0,0;1,0;0,0;0,0;0,0;
11:41:19;63,0;0,0;0,0;0,0;101;1;0,0;1,0;0,0;0,0;0,0;
11:41:20;63,0;0,0;0,0;0,0;101;1;0,0;1,0;0,0;0,0;0,0;
11:41:21;63,0;0,0;0,0;0,0;101;1;0,0;1,0;0,0;0,0;0,0;
11:41:22;63,0;0,0;0,0;0,0;101;1;0,0;1,0;0,0;0,0;0,0;
11:41:23;63,9;0,0;0,0;0,0;101;1;0,0;1,0;0,0;0,0;0,0;
11:41:24;63,9;0,0;0,0;0,0;101;1;0,0;1,0;0,0;0,0;0,0;
11:41:25;63,9;0,0;0,0;0,0;101;1;0,0;1,0;0,0;0,0;0,0;
11:41:27;63,9;0,0;0,0;0,0;101;1;0,0;1,0;0,0;0,0;0,0;
11:41:28;64,7;0,0;0,0;0,0;101;1;0,0;1,0;0,0;0,0;0,0;
11:41:29;64,7;0,0;0,0;0,0;101;1;0,0;1,0;0,0;0,0;0,0;
11:41:30;64,7;0,0;0,0;0,0;101;1;0,0;1,0;0,0;0,0;0,0;
11:41:31;64,7;0,0;0,0;0,0;101;1;0,0;1,0;0,0;0,0;0,0;
11:41:32;65,4;0,0;0,0;0,0;101;1;0,0;1,0;0,0;0,0;0,0;
11:41:33;65,4;0,0;0,0;0,0;101;1;0,0;1,0;0,0;0,0;0,0;
11:41:34;65,4;0,0;0,0;0,0;101;1;0,0;1,0;0,0;0,0;0,0;
11:41:35;65,4;0,0;0,0;0,0;101;1;0,0;1,0;0,0;0,0;0,0;
11:41:36;66,0;0,0;0,0;0,0;101;1;0,0;1,0;0,0;0,0;0,0;
11:41:37;66,0;0,0;0,0;0,0;101;1;0,0;1,0;0,0;0,0;0,0;
11:41:38;66,0;0,0;0,0;0,0;101;1;0,0;1,0;0,0;0,0;0,0;
11:41:39;66,0;0,0;0,0;0,0;101;1;0,0;1,0;0,0;0,0;0,0;
11:41:40;66,4;0,0;0,0;0,0;101;1;0,0;1,0;0,0;0,0;0,0;
11:41:41;66,4;0,0;0,0;0,0;101;1;0,0;1,0;0,0;0,0;0,0;
11:41:42;66,4;0,0;0,0;0,0;101;1;0,0;1,0;0,0;0,0;0,0;
11:41:43;66,4;0,0;0,0;0,0;101;1;0,0;1,0;0,0;0,0;0,0;
11:41:44;66,9;0,0;0,0;0,0;101;1;0,0;1,0;0,0;0,0;0,0;
11:41:45;66,9;0,0;0,0;0,0;101;1;0,0;1,0;0,0;0,0;0,0;
11:41:46;66,9;0,0;0,0;0,0;101;1;0,0;1,0;0,0;0,0;0,0;
11:41:47;66,9;0,0;0,0;0,0;101;1;0,0;1,0;0,0;0,0;0,0;
11:41:48;67,2;0,0;0,0;0,0;101;1;0,0;1,0;0,0;0,0;0,0;
11:41:49;67,2;0,0;0,0;0,0;101;1;0,0;1,0;0,0;0,0;0,0;
11:41:50;67,2;0,0;0,0;0,0;101;1;0,0;1,0;0,0;0,0;0,0;
11:41:51;67,2;0,0;0,0;0,0;101;1;0,0;1,0;0,0;0,0;0,0;
11:41:52;67,5;0,0;0,0;0,0;101;1;0,0;1,0;0,0;0,0;0,0;
11:41:53;67,5;0,0;0,0;0,0;101;1;0,0;1,0;0,0;0,0;0,0;
11:41:54;67,5;0,0;0,0;0,0;101;1;0,0;1,0;0,0;0,0;0,0;
11:41:55;67,9;0,0;0,0;0,0;101;1;0,0;1,0;0,0;0,0;0,0;
11:41:56;67,9;0,0;0,0;0,0;101;1;0,0;1,0;0,0;0,0;0,0;
11:41:57;67,9;0,0;0,0;0,0;101;1;0,0;1,0;0,0;0,0;0,0;
11:41:58;67,9;0,0;0,0;0,0;101;1;0,0;1,0;0,0;0,0;0,0;
11:41:59;68,1;0,0;0,0;0,0;101;1;0,0;1,0;0,0;0,0;0,0;
11:42:00;68,1;0,0;0,0;0,0;101;1;0,0;1,0;0,0;0,0;0,0;
11:42:01;68,1;0,0;0,0;0,0;0,0;0,0;0,0;0,0;0,0;0,0;0,0;
11:42:02;68,1;0,0;0,0;0,0;0,0;0,0;0,0;0,0;0,0;0,0;0,0;
11:42:03;45,9;0,0;0,0;0,0;0,0;0,0;0,0;0,0;0,0;0,0;0,0;
11:42:04;45,9;0,0;0,0;0,0;0,0;0,0;0,0;0,0;0,0;0,0;0,0;
11:42:05;45,9;0,0;0,0;0,0;0,0;0,0;0,0;0,0;0,0;0,0;0,0;
11:42:06;45,9;0,0;0,0;0,0;0,0;0,0;0,0;0,0;0,0;0,0;0,0;
11:42:07;39,2;0,0;0,0;0,0;0,0;0,0;0,0;0,0;0,0;0,0;0,0;
11:42:08;39,2;0,0;0,0;0,0;0,0;0,0;0,0;0,0;0,0;0,0;0,0;
11:42:09;39,2;0,0;0,0;0,0;0,0;0,0;0,0;0,0;0,0;0,0;0,0;
11:42:10;39,2;0,0;0,0;0,0;0,0;0,0;0,0;0,0;0,0;0,0;0,0;
11:42:11;39,2;0,0;0,0;0,0;0,0;0,0;0,0;0,0;0,0;0,0;0,0;
11:42:12;35,2;0,0;0,0;0,0;0,0;0,0;0,0;0,0;0,0;0,0;0,0;
11:42:13;35,2;0,0;0,0;0,0;0,0;0,0;0,0;0,0;0,12;0,0;0,0;
11:42:14;35,2;0,0;0,0;0,0;0,0;0,0;0,0;0,0;0,10;0,0;0,0;
11:42:15;35,2;0,0;0,0;0,0;0,0;0,0;0,0;0,0;0,07;0,0;0,0;
11:42:16;32,6;0,0;0,0;0,0;0,0;0,0;0,0;0,0;0,16;0,0;0,0;
11:42:17;32,6;0,0;0,0;0,0;0,0;0,0;0,0;0,0;0,31;0,0;0,0;
11:42:18;32,6;0,0;0,0;0,0;0,0;0,0;0,0;0,0;0,27;0,0;0,0;
11:42:19;32,6;0,0;0,0;0,0;0,0;0,0;0,0;0,0;0,25;0,0;0,0;
11:42:20;31,1;0,0;0,0;0,0;0,0;0,0;0,0;0,0;0,26;0,0;0,0;
11:42:21;31,1;0,0;0,0;0,0;0,0;0,0;0,0;0,0;0,27;0,0;0,0;
11:42:22;31,1;0;0,0;0,0;0,0;0,0;0,0;0,0;0,27;0,0;0,0;
11:42:23;30,0;0;0,0;0,0;0,0;0,0;0,0;0,0;0,26;0,0;0,0;
11:42:24;30,0;64;0,0;0,0;0,0;0,0;0,0;0,0;0,26;0,0;0,0;
11:42:25;30,0;64;0,0;0,0;0,0;0,0;0,0;0,0;0,27;0,0;0,0;
11:42:26;30,0;62;0,0;0,0;0,0;0,0;0,0;0,0;0,27;0,0;0,0;
11:42:28;29,1;62;0,0;0,0;0,0;0,0;0,0;0,0;0,27;0,0;0,0;
11:42:29;29,1;66;0,0;0,0;0,0;0,0;0,0;0,0;0,27;0,0;0,0;
11:42:30;29,1;66;0,0;0,0;0,0;0,0;0,0;0,0;0,26;0,0;0,0;
11:42:31;29,1;65;0,0;0,0;0,0;0,0;0,0;0,0;0,26;0,0;0,0;
11:42:32;28,5;65;0,0;0,0;0,0;0,0;0,0;0,0;0,26;0,0;0,0;
11:42:33;28,5;70;0,0;0,0;0,0;0,0;0,0;0,0;0,27;0,0;0,0;
11:42:33;28,5;70;0,0;0,0;0,0;0,0;0,0;0,0;0,27;0,0;0,0;
11:42:34;28,5;69;0,0;0,0;0,0;0,0;0,0;0,0;0,27;0,0;0,0;
11:42:35;27,9;69;0,0;0,0;0,0;0,0;0,0;0,0;0,26;0,0;0,0;
11:42:36;27,9;63;0,0;0,0;0,0;0,0;0,0;0,0;0,27;0,0;0,0;
11:42:37;27,9;63;0,0;0,0;0,0;0,0;0,0;0,0;0,27;0,0;0,0;
11:42:38;27,9;65;0,0;0,0;0,0;0,0;0,0;0,0;0,27;0,0;0,0;
11:42:39;27,6;65;0,0;0,0;0,0;0,0;0,0;0,0;0,26;0,0;0,0;
11:42:40;27,6;63;0,0;0,0;0,0;0,0;0,0;0,0;0,26;0,0;0,0;
11:42:41;27,6;63;0,0;0,0;0,0;0,0;0,0;0,0;0,27;0,0;0,0;
11:42:42;27,6;66;0,0;0,0;0,0;0,0;0,0;0,0;0,27;0,0;0,0;
11:42:43;27,2;66;0,0;0,0;0,0;0,0;0,0;0,0;0,26;0,0;0,0;
11:42:44;27,2;66;0,0;0,0;0,0;0,0;0,0;0,0;0,26;0,0;0,0;
11:42:45;27,2;66;0,0;0,0;0,0;0,0;0,0;0,0;0,26;0,0;0,0;
11:42:47;27,2;66;0,0;0,0;0,0;0,0;0,0;0,0;0,27;0,0;0,0;
11:42:48;26,9;67;0,0;0,0;0,0;0,0;0,0;0,0;0,26;0,0;0,0;
11:42:49;26,9;67;0,0;0,0;0,0;0,0;0,0;0,0;0,26;0,0;0,0;
11:42:50;26,9;72;0,0;0,0;0,0;0,0;0,0;0,0;0,26;0,0;0,0;
11:42:51;26,7;72;0,0;0,0;0,0;0,0;0,0;0,0;0,26;0,0;0,0;
11:42:52;26,7;66;0,0;0,0;0,0;0,0;0,0;0,0;0,26;0,0;0,0;
11:42:53;26,7;66;0,0;0,0;0,0;0,0;0,0;0,0;0,26;0,0;0,0;
11:42:54;26,7;67;0,0;0,0;0,0;0,0;0,0;0,0;0,26;0,0;0,0;
11:42:55;26,5;67;0,0;0,0;0,0;0,0;0,0;0,0;0,26;0,0;0,0;
11:42:56;26,5;66;0,0;0,0;0,0;0,0;0,0;0,0;0,27;0,0;0,0;
11:42:57;26,5;66;0,0;0,0;0,0;0,0;0,0;0,0;0,26;0,0;0,0;
11:42:58;26,5;71;0,0;0,0;0,0;0,0;0,0;0,0;0,26;0,0;0,0;
11:42:59;26,3;71;0,0;0,0;0,0;0,0;0,0;0,0;0,26;0,0;0,0;
11:43:00;26,3;68;0,0;0,0;0,0;0,0;0,0;0,0;0,27;0,0;0,0;
11:43:01;26,3;68;0,0;0,0;0,0;0,0;0,0;0,0;0,26;0,0;0,0;
11:43:02;26,3;70;0,0;0,0;0,0;0,0;0,0;0,0;0,26;0,0;0,0;
11:43:03;26,2;70;0,0;0,0;0,0;0,0;0,0;0,0;0,26;0,0;0,0;
11:43:04;26,2;69;0,0;0,0;0,0;0,0;0,0;0,0;0,26;0,0;0,0;
11:43:05;26,2;69;0,0;0,0;0,0;0,0;0,0;0,0;0,26;0,0;0,0;
11:43:06;26,2;65;0,0;0,0;0,0;0,0;0,0;0,0;0,26;0,0;0,0;
11:43:07;26,1;65;0,0;0,0;0,0;0,0;0,0;0,0;0,26;0,0;0,0;
11:43:08;26,1;68;0,0;0,0;0,0;0,0;0,0;0,0;0,26;0,0;0,0;
11:43:09;26,1;68;0,0;0,0;0,0;0,0;0,0;0,0;0,27;0,0;0,0;
11:43:10;26,1;66;0,0;0,0;0,0;0,0;0,0;0,0;0,26;0,0;0,0;
11:43:11;25,9;66;0,0;0,0;0,0;0,0;0,0;0,0;0,26;0,0;0,0;
11:43:12;25,9;71;0,0;0,0;0,0;0,0;0,0;0,0;0,26;0,0;0,0;
11:43:13;25,9;71;0,0;0,0;0,0;0,0;0,0;0,0;0,26;0,0;0,0;
11:43:14;25,9;64;0,0;0,0;0,0;0,0;0,0;0,0;0,26;0,0;0,0;
11:43:15;25,8;64;0,0;0,0;0,0;0,0;0,0;0,0;0,26;0,0;0,0;
11:43:16;25,8;64;0,0;0,0;0,0;0,0;0,0;0,0;0,26;0,0;0,0;
11:43:17;25,8;65;0,0;0,0;0,0;0,0;0,0;0,0;0,26;0,0;0,0;
11:43:18;25,8;65;0,0;0,0;0,0;0,0;0,0;0,0;0,26;0,0;0,0;
11:43:19;25,7;69;0,0;0,0;0,0;0,0;0,0;0,0;0,26;0,0;0,0;
11:43:20;25,7;69;0,0;0,0;0,0;0,0;0,0;0,0;0,26;0,0;0,0;
11:43:21;25,7;66;0,0;0,0;0,0;0,0;0,0;0,0;0,26;0,0;0,0;
11:43:22;25,6;66;0,0;0,0;0,0;0,0;0,0;0,0;0,26;0,0;0,0;
11:43:23;25,6;67;0,0;0,0;0,0;0,0;0,0;0,0;0,26;0,0;0,0;
11:43:24;25,6;67;0,0;0,0;0,0;0,0;0,0;0,0;0,26;0,0;0,0;
11:43:25;25,6;69;0,0;0,0;0,0;0,0;0,0;0,0;0,26;0,0;0,0;
11:43:26;25,5;69;0,0;0,0;0,0;0,0;0,0;0,0;0,26;0,0;0,0;
11:43:27;25,5;66;0,0;0,0;0,0;0,0;0,0;0,0;0,26;0,0;0,0;
11:43:28;25,5;0,0;0,0;0,0;0,0;0,0;0,0;0,0;0,26;0,0;0,0;
11:43:29;25,5;0,0;0,0;0,0;0,0;0,0;0,0;0,0;0,26;0,0;0,0;
11:43:30;25,4;0,0;0,0;0,0;0,0;0,0;0,0;0,0;0,26;0,0;0,0;
11:43:31;25,4;0,0;0,0;0,0;0,0;0,0;0,0;0,0;0,0;0,0;0,0;
11:43:32;25,4;0,0;0,0;0,0;0,0;0,0;0,0;0,0;0,0;0,0;0,0;
11:43:33;25,4;0,0;0,0;0,0;0,0;0,0;0,0;0,0;0,0;0,0;0,0;
11:43:34;25,3;0,0;0,0;0,0;0,0;0,0;0,0;0,0;0,0;0,0;0,0;
11:43:35;25,3;0,0;0,0;0,0;0,0;0,0;0,0;0,0;0,0;0,0;0,0;
11:43:36;25,3;0,0;0,0;0,0;0,0;0,0;0,0;0,0;0,0;0,0;0,0;
11:43:37;25,3;0,0;0,0;0,0;0,0;0,0;0,0;0,0;0,0;0,0;0,0;
11:43:38;25,3;0,0;0,0;0,0;0,0;0,0;0,0;0,0;0,0;0,0;0,0;
11:43:39;25,3;0,0;0,0;0,0;0,0;0,0;0,0;0,0;0,0;0,0;0,0;
11:43:40;25,3;0,0;0,0;0,0;0,0;0,0;0,0;0,0;0,0;0,0;0,0;
11:43:41;25,3;0,0;0,0;0,0;0,0;0,0;0,0;0,0;0,0;0,0;0,0;
11:43:42;25,2;0,0;0,0;0,0;0,0;0,0;0,0;0,0;0,0;0,0;0,0;
11:43:43;25,2;0,0;0,0;0,0;0,0;0,0;0,0;0,0;0,0;0,0;0,0;
11:43:44;25,2;0,0;0,0;0,0;0,0;0,0;0,0;0,0;0,0;0,0;0,0;
11:43:45;25,2;0,0;0,0;0,0;0,0;0,0;0,0;0,0;0,0;0,0;0,0;
11:43:46;25,2;0,0;0,0;0,0;0,0;0,0;0,0;0,0;0,0;0,0;0,0;
11:43:47;25,1;0,0;0,0;0,0;0,0;0,0;0,0;0,0;0,0;0,0;0,0;
11:43:48;25,1;0,0;0,0;0,0;0,0;0,0;0,0;0,0;0,0;0,0;0,0;
11:43:49;25,1;0,0;0,0;0,0;0,0;0,0;0,0;0,0;0,0;0,0;0,0;
11:43:50;25,1;0,0;0,0;0,0;0,0;0,0;0,0;0,0;0,0;0,0;0,0;
11:43:51;25,0;0,0;0,0;0,0;0,0;0,0;0,0;0,0;0,0;0,0;0,0;
11:43:52;25,0;0,0;0,0;0,0;0,0;0,0;0,0;0,0;0,0;0,0;0,0;
11:43:53;25,0;0,0;0,0;0,0;0,0;0,0;0,0;0,0;0,0;0,0;0,0;
11:43:55;25,0;0,0;0,0;0,0;0,0;0,0;0,0;0,0;0,0;0,0;0,0;
11:43:56;25,0;0,0;0,0;0,0;0,0;0,0;0,0;0,0;0,0;0,0;0,0;
11:43:57;24,9;0,0;0,0;0,0;0,0;0,0;0,0;0,0;0,0;0,0;0,0;
11:43:58;24,9;0,0;0,0;0,0;0,0;0,0;0,0;0,0;0,0;0,0;0,0;
11:43:59;24,9;0,0;0,0;0,0;0,0;0,0;0,0;0,0;0,0;0,0;0,0;
11:44:00;24,9;0,0;0,0;0,0;0,0;0,0;0,0;0,0;0,0;0,0;0,0;
11:44:01;24,9;0,0;0,0;0,0;0,0;0,0;0,0;0,0;0,0;0,0;0,0;
11:44:02;24,9;0,0;0,0;0,0;0,0;0,0;0,0;0,0;0,0;0,0;0,0;
11:44:03;24,9;0,0;0,0;0,0;0,0;0,0;0,0;0,0;0,0;0,0;0,0;
11:44:04;24,9;0,0;0,0;0,0;0,0;0,0;0,0;0,0;0,0;0,0;0,0;
11:44:05;24,9;0,0;0,0;0,0;0,0;0,0;0,0;0,0;0,0;0,0;0,0;
11:44:06;24,8;0,0;0,0;0,0;0,0;0,0;0,0;0,0;0,0;0,0;0,0;
11:44:07;24,8;0,0;0,0;0,0;0,0;0,0;0,0;0,0;0,0;0,0;0,0;
11:44:08;24,8;0,0;0,0;0,0;0,0;0,0;0,0;0,0;0,0;0,0;0,0;
11:44:09;24,8;0,0;0,0;0,0;0,0;0,0;0,0;0,0;0,0;10,5;0,0;
11:44:10;24,8;0,0;0,0;0,0;0,0;0,0;0,0;0,0;0,0;6,8;0,0;
11:44:11;24,8;0,0;0,0;0,0;0,0;0,0;0,0;0,0;0,0;5,3;0,0;
11:44:12;24,8;0,0;0,0;0,0;0,0;0,0;0,0;0,0;0,0;4,1;0,0;
11:44:13;24,8;0,0;0,0;0,0;0,0;0,0;0,0;0,0;0,0;3,2;0,0;
11:44:14;24,7;0,0;0,0;0,0;0,0;0,0;0,0;0,0;0,0;2,5;0,0;
11:44:15;24,7;0,0;0,0;0,0;0,0;0,0;0,0;0,0;0,0;1,9;0,0;
11:44:16;24,7;0,0;0,0;0,0;0,0;0,0;0,0;0,0;0,0;1,5;0,0;
11:44:17;24,7;0,0;0,0;0,0;0,0;0,0;0,0;0,0;0,0;1,2;0,0;
11:44:18;24,6;0,0;0,0;0,0;0,0;0,0;0,0;0,0;0,0;0,9;0,0;
11:44:19;24,6;0,0;0,0;0,0;0,0;0,0;0,0;0,0;0,0;0,7;0,0;
11:44:20;24,6;0,0;0,0;0,0;0,0;0,0;0,0;0,0;0,0;0,6;0,0;
11:44:21;24,6;0,0;0,0;0,0;0,0;0,0;0,0;0,0;0,0;0,4;0,0;
11:44:22;24,6;0,0;0,0;0,0;0,0;0,0;0,0;0,0;0,0;0,3;0,0;
11:44:23;24,6;0,0;0,0;0,0;0,0;0,0;0,0;0,0;0,0;0,3;0,0;
11:44:24;24,6;0,0;0,0;0,0;0,0;0,0;0,0;0,0;0,0;0,5;0,0;
11:44:25;24,5;0,0;0,0;0,0;0,0;0,0;0,0;0,0;0,0;1,1;0,0;
11:44:26;24,5;0,0;0,0;0,0;0,0;0,0;0,0;0,0;0,0;1,2;0,0;
11:44:27;24,5;0,0;0,0;0,0;0,0;0,0;0,0;0,0;0,0;1,1;0,0;
11:44:28;24,5;0,0;0,0;0,0;0,0;0,0;0,0;0,0;0,0;1,0;0,0;
11:44:29;24,5;0,0;0,0;0,0;0,0;0,0;0,0;0,0;0,0;0,9;0,0;
11:44:30;24,5;0,0;0,0;0,0;0,0;0,0;0,0;0,0;0,0;0,9;0,0;
11:44:31;24,5;0,0;0,0;0,0;0,0;0,0;0,0;3,7;0,0;0,9;0,0;
11:44:32;24,5;0,0;0,0;0,0;0,0;0,0;0,0;4,2;0,0;1,0;0,0;
11:44:33;24,5;0,0;0,0;0,0;0,0;0,0;0,0;4,2;0,0;1,0;0,0;
11:44:34;24,5;0,0;0,0;0,0;0,0;0,0;0,0;4,2;0,0;1,0;0,0;
11:44:35;24,5;0,0;0,0;0,0;0,0;0,0;0,0;4,2;0,0;1,0;0,0;
11:44:36;24,5;0,0;0,0;0,0;0,0;0,0;0,0;4,4;0,0;1,0;0,0;
11:44:37;24,4;0,0;0,0;0,0;0,0;0,0;0,0;4,8;0,0;0,9;0,0;
11:44:38;24,4;0,0;0,0;0,0;0,0;0,0;0,0;4,8;0,0;1,0;0,0;
11:44:39;24,4;0,0;0,0;0,0;0,0;0,0;0,0;5,3;0,0;1,0;0,0;
11:44:40;24,4;0,0;0,0;0,0;0,0;0,0;0,0;5,9;0,0;1,0;0,0;
11:44:41;24,4;0,0;0,0;0,0;0,0;0,0;0,0;6,3;0,0;1,0;0,0;
11:44:42;24,4;0,0;0,0;0,0;0,0;0,0;0,0;6,3;0,0;1,0;0,0;
11:44:43;24,4;0,0;0,0;0,0;0,0;0,0;0,0;6,7;0,0;1,0;0,0;
11:44:44;24,4;0,0;0,0;0,0;0,0;0,0;0,0;7,0;0,0;1,0;0,0;
11:44:45;24,3;0,0;0,0;0,0;0,0;0,0;0,0;7,3;0,0;1,0;0,0;
11:44:46;24,3;0,0;0,0;0,0;0,0;0,0;0,0;7,5;0,0;1,0;0,0;
11:44:47;24,3;0,0;0,0;0,0;0,0;0,0;0,0;7,5;0,0;1,0;0,0;
11:44:48;24,3;0,0;0,0;0,0;0,0;0,0;0,0;7,8;0,0;1,0;0,0;
11:44:49;24,3;0,0;0,0;0,0;0,0;0,0;0,0;8,1;0,0;1,0;0,0;
11:44:50;24,3;0,0;0,0;0,0;0,0;0,0;0,0;8,4;0,0;1,0;0,0;
11:44:51;24,3;0,0;0,0;0,0;0,0;0,0;0,0;8,4;0,0;1,0;0,0;
11:44:52;24,3;0,0;0,0;0,0;0,0;0,0;0,0;8,7;0,0;1,0;0,0;
11:44:53;24,3;0,0;0,0;0,0;0,0;0,0;0,0;8,9;0,0;1,0;0,0;
11:44:54;24,3;0,0;0,0;0,0;0,0;0,0;0,0;9,1;0,0;1,0;0,0;
11:44:55;24,3;0,0;0,0;0,0;0,0;0,0;0,0;9,1;0,0;1,0;0,0;
11:44:56;24,2;0,0;0,0;0,0;0,0;0,0;0,0;9,3;0,0;1,0;0,0;
11:44:57;24,2;0,0;0,0;0,0;0,0;0,0;0,0;9,5;0,0;1,0;0,0;
11:44:59;24,2;0,0;0,0;0,0;0,0;0,0;0,0;9,6;0,0;1,0;0,0;
11:45:00;24,2;0,0;0,0;0,0;0,0;0,0;0,0;9,8;0,0;1,0;0,0;
11:45:01;24,1;0,0;0,0;0,0;0,0;0,0;0,0;9,8;0,0;1,0;0,0;
11:45:02;24,1;0,0;0,0;0,0;0,0;0,0;0,0;9,9;0,0;1,0;0,0;
11:45:03;24,1;0,0;0,0;0,0;0,0;0,0;0,0;10,0;0,0;1,0;0,0;
11:45:04;24,1;0,0;0,0;0,0;0,0;0,0;0,0;10,1;0,0;1,0;0,0;
11:45:05;24,1;0,0;9;0,0;0,0;0,0;0,0;10,1;0,0;1,0;0,0;
11:45:06;24,1;0,0;9;0,0;0,0;0,0;0,0;10,2;0,0;1,0;0,0;
11:45:07;24,1;0,0;520;0,0;0,0;0,0;0,0;10,2;0,0;1,0;0,0;
11:45:08;24,1;0,0;520;0,0;0,0;0,0;0,0;10,3;0,0;1,0;0,0;
11:45:09;24,1;0,0;520;0,0;0,0;0,0;0,0;10,4;0,0;1,0;0,0;
11:45:09;24,1;0,0;520;0,0;0,0;0,0;0,0;10,4;0,0;1,0;0,0;
11:45:10;24,1;0,0;517;0,0;0,0;0,0;0,0;10,4;0,0;1,0;0,0;
11:45:11;24,1;0,0;517;0,0;0,0;0,0;0,0;10,4;0,0;1,0;0,0;
11:45:12;24,1;0,0;517;0,0;0,0;0,0;0,0;10,4;0,0;1,0;0,0;
11:45:13;24,1;0,0;517;0,0;0,0;0,0;0,0;10,4;0,0;1,0;0,0;
11:45:14;24,1;0,0;517;0,0;0,0;0,0;0,0;10,4;0,0;1,0;0,0;
11:45:15;24,1;0,0;517;0,0;0,0;0,0;0,0;10,4;0,0;1,0;0,0;
11:45:16;24,0;0,0;520;0,0;0,0;0,0;0,0;10,4;0,0;1,0;0,0;
11:45:17;24,0;0,0;520;0,0;0,0;0,0;0,0;10,4;0,0;1,0;0,0;
11:45:19;24,0;0,0;517;0,0;0,0;0,0;0,0;10,4;0,0;1,0;0,0;
11:45:20;24,0;0,0;517;0,0;0,0;0,0;0,0;10,3;0,0;1,0;0,0;
11:45:21;24,0;0,0;517;0,0;0,0;0,0;0,0;10,3;0,0;1,0;0,0;
11:45:22;24,0;0,0;517;0,0;0,0;0,0;0,0;10,3;0,0;1,0;0,0;
11:45:23;24,0;0,0;517;0,0;0,0;0,0;0,0;10,3;0,0;1,0;0,0;
11:45:24;24,0;0,0;517;0,0;0,0;0,0;0,0;10,3;0,0;1,0;0,0;
11:45:25;24,0;0,0;517;0,0;0,0;0,0;0,0;10,3;0,0;1,0;0,0;
11:45:26;24,0;0,0;520;0,0;0,0;0,0;0,0;10,2;0,0;1,0;0,0;
11:45:27;24,0;0,0;520;0,0;0,0;0,0;0,0;10,2;0,0;1,0;0,0;
11:45:28;23,9;0,0;517;0,0;0,0;0,0;0,0;10,2;0,0;1,0;0,0;
11:45:29;23,9;0,0;517;0,0;0,0;0,0;0,0;10,2;0,0;1,0;0,0;
11:45:30;23,9;0,0;517;0,0;0,0;0,0;0,0;10,2;0,0;1,0;0,0;
11:45:31;23,9;0,0;517;0,0;0,0;0,0;0,0;10,1;0,0;1,0;0,0;
11:45:32;23,9;0,0;517;0,0;0,0;0,0;0,0;10,1;0,0;1,0;0,0;
11:45:33;23,9;0,0;517;0,0;0,0;0,0;0,0;10,1;0,0;1,0;0,0;
11:45:34;23,9;0,0;517;0,0;0,0;0,0;0,0;10,1;0,0;1,0;0,0;
11:45:35;23,9;0,0;517;0,0;0,0;0,0;0,0;10,0;0,0;1,0;0,0;
11:45:36;23,8;0,0;520;0,0;0,0;0,0;0,0;10,0;0,0;1,0;0,0;
11:45:37;23,8;0,0;520;0,0;0,0;0,0;0,0;10,0;0,0;1,0;0,0;
11:45:38;23,8;0,0;520;0,0;0,0;0,0;0,0;10,0;0,0;1,0;0,0;
11:45:39;23,8;0,0;520;0,0;0,0;0,0;0,0;10,0;0,0;1,0;0,0;
11:45:40;23,8;0,0;517;0,0;0,0;0,0;0,0;10,0;0,0;1,0;0,0;
11:45:41;23,8;0,0;0,0;0,0;0,0;0,0;0,0;10,0;0,0;1,0;0,0;
11:45:42;23,8;0,0;0,0;0,0;0,0;0,0;0,0;9,9;0,0;1,0;0,0;
11:45:43;23,8;0,0;0,0;0,0;0,0;0,0;0,0;0,0;0,0;0,0;0,0;
11:45:44;23,7;0,0;0,0;0,0;0,0;0,0;0,0;0,0;0,0;0,0;0,0;
11:45:45;23,7;0,0;0,0;0,0;0,0;0,0;0,0;0,0;0,0;0,0;0,0;
11:45:46;23,7;0,0;0,0;0,0;0,0;0,0;0,0;0,0;0,0;0,0;0,0;
11:45:47;23,7;0,0;0,0;0,0;0,0;0,0;0,0;0,0;0,0;0,0;0,0;
11:45:48;23,7;0,0;0,0;0,0;0,0;0,0;0,0;0,0;0,0;0,0;0,0;
11:45:49;23,7;0,0;0,0;0,0;0,0;0,0;0,0;0,0;0,0;0,0;0,0;
11:45:50;23,7;0,0;0,0;0,0;0,0;0,0;0,0;0,0;0,0;0,0;0,0;
11:45:51;23,7;0,0;0,0;0,0;0,0;0,0;0,0;0,0;0,0;0,0;0,0;
11:45:52;23,6;0,0;0,0;0,0;0,0;0,0;0,0;0,0;0,0;0,0;0,0;
11:45:53;23,6;0,0;0,0;0,0;0,0;0,0;0,0;0,0;0,0;0,0;0,0;
11:45:54;23,6;0,0;0,0;0,0;0,0;0,0;0,0;0,0;0,0;0,0;0,0;
11:45:55;23,6;0,0;0,0;0,0;0,0;0,0;0,0;0,0;0,0;0,0;0,0;
11:45:56;23,5;0,0;0,0;0,0;0,0;0,0;0,0;0,0;0,0;0,0;0,0;
11:45:57;23,5;0,0;0,0;0,0;0,0;0,0;0,0;0,0;0,0;0,0;0,0;
11:45:58;23,5;0,0;0,0;0,0;0,0;0,0;0,0;0,0;0,0;0,0;0,0;
11:45:59;23,5;0,0;0,0;0,0;0,0;0,0;0,0;0,0;0,0;0,0;0,0;
11:46:00;23,5;0,0;0,0;0,0;0,0;0,0;0,0;0,0;0,0;0,0;0,0;
11:46:01;23,5;0,0;0,0;0,0;0,0;0,0;0,0;0,0;0,0;0,0;0,0;
11:46:02;23,5;0,0;0,0;0,0;0,0;0,0;0,0;0,0;0,0;0,0;0,0;
11:46:03;23,5;0,0;0,0;0,0;0,0;0,0;0,0;0,0;0,0;0,0;0,0;
11:46:04;23,5;0,0;0,0;0,0;0,0;0,0;0,0;0,0;0,0;0,1;0,0;
11:46:05;23,5;0,0;0,0;0,0;0,0;0,0;0,0;0,0;0,0;0,1;0,0;
11:46:06;23,5;0,0;0,0;0,0;0,0;0,0;0,0;0,0;0,0;0,1;0,0;
11:46:07;23,5;0,0;0,0;0,0;0,0;0,0;0,0;0,0;0,0;1,0;0,0;
11:46:08;23,5;0,0;0,0;0,0;0,0;0,0;0,0;0,0;0,0;1,4;0,0;
11:46:09;23,3;0,0;0,0;0,0;0,0;0,0;0,0;0,0;0,0;1,2;0,0;
11:46:10;23,3;0,0;0,0;0,0;0,0;0,0;0,0;0,0;0,0;1,1;0,0;
11:46:11;23,3;0,0;0,0;0,0;0,0;0,0;0,0;0,0;0,0;1,0;0,0;
11:46:12;23,3;0,0;0,0;0,0;0,0;0,0;0,0;0,0;0,0;0,9;0,0;
11:46:13;23,3;0,0;0,0;0,0;0,0;0,0;0,0;0,0;0,0;1,0;0,0;
11:46:14;23,3;0,0;0,0;0,0;0,0;0,0;0,0;2,8;0,0;1,1;0,0;
11:46:15;23,3;0,0;0,0;0,0;0,0;0,0;0,0;2,8;0,0;1,1;0,0;
11:46:16;23,3;0,0;0,0;0,0;0,0;0,0;0,0;3,3;0,0;1,1;0,0;
11:46:17;23,3;0,0;0,0;0,0;0,0;0,0;0,0;3,4;0,0;1,1;0,0;
11:46:18;23,3;0,0;0,0;0,0;0,0;0,0;0,0;3,5;0,0;1,0;0,0;
11:46:19;23,3;0,0;0,0;0,0;0,0;0,0;0,0;3,5;0,0;1,0;0,0;
11:46:20;23,2;0,0;0,0;0,0;0,0;0,0;0,0;4,1;0,0;1,0;0,0;
11:46:21;23,2;0,0;0,0;0,0;0,0;0,0;0,0;4,9;0,0;1,0;0,0;
11:46:22;23,2;0,0;0,0;0,0;0,0;0,0;0,0;5,7;0,0;1,1;0,0;
11:46:23;23,2;0,0;0,0;0,0;0,0;0,0;0,0;6,4;0,0;1,1;0,0;
11:46:24;23,2;0,0;0,0;0,0;0,0;0,0;0,0;6,4;0,0;1,1;0,0;
11:46:26;23,2;0,0;0,0;0,0;0,0;0,0;0,0;6,9;0,0;1,1;0,0;
11:46:27;23,2;0,0;0,0;0,0;0,0;0,0;0,0;7,3;0,0;1,1;0,0;
11:46:28;23,2;0,0;0,0;0,0;0,0;0,0;0,0;7,8;0,0;1,1;0,0;
11:46:29;23,1;0,0;0,0;0,0;0,0;0,0;0,0;7,8;0,0;1,1;0,0;
11:46:30;23,1;0,0;0,0;0,0;0,0;0,0;0,0;8,2;0,0;1,1;0,0;
11:46:31;23,1;0,0;0,0;0,0;0,0;0,0;0,0;8,4;0,0;1,1;0,0;
11:46:32;23,1;0,0;0,0;0,0;0,0;0,0;0,0;8,7;0,0;1,1;0,0;
11:46:33;23,0;0,0;0,0;0,0;0,0;0,0;0,0;9,0;0,0;1,1;0,0;
11:46:34;23,0;0,0;0,0;0,0;0,0;0,0;0,0;9,0;0,0;1,0;0,0;
11:46:35;23,0;0,0;0,0;0,0;0,0;0,0;0,0;9,1;0,0;1,1;0,0;
11:46:36;23,0;0,0;0,0;0,0;0,0;0,0;0,0;9,1;0,0;1,1;0,0;
11:46:37;23,0;0,0;0,0;0,0;0,0;0,0;0,0;9,1;0,0;1,1;0,0;
11:46:38;23,0;0,0;0,0;0,0;0,0;0,0;0,0;9,6;0,0;1,1;0,0;
11:46:39;23,0;0,0;0,0;0,0;0,0;0,0;0,0;9,8;0,0;1,1;0,0;
11:46:40;23,0;0,0;0,0;0,0;0,0;0,0;0,0;9,9;0,0;1,1;0,0;
11:46:41;23,0;0,0;0,0;0,0;0,0;0,0;0,0;10,0;0,0;1,1;0,0;
11:46:42;23,0;0,0;0,0;0,0;0,0;0,0;0,0;10,0;0,0;1,1;0,0;
11:46:43;23,0;0,0;0,0;0,0;0,0;0,0;0,0;10,2;0,0;1,1;0,0;
11:46:44;23,0;0,0;9;0,0;0,0;0,0;0,0;10,2;0,0;1,1;0,0;
11:46:45;22,9;0,0;9;0,0;0,0;0,0;0,0;10,3;0,0;1,1;0,0;
11:46:46;22,9;0,0;517;0,0;0,0;0,0;0,0;10,3;0,0;1,1;0,0;
11:46:47;22,9;0,0;517;0,0;0,0;0,0;0,0;10,5;0,0;1,1;0,0;
11:46:48;22,9;0,0;517;0,0;0,0;0,0;0,0;10,5;0,0;1,1;0,0;
11:46:49;22,9;0,0;517;0,0;0,0;0,0;0,0;10,5;0,0;1,1;0,0;
11:46:50;22,9;0,0;517;0,0;0,0;0,0;0,0;10,5;0,0;1,1;0,0;
11:46:51;22,9;0,0;517;0,0;0,0;0,0;0,0;10,5;0,0;1,1;0,0;
11:46:52;22,9;0,0;517;0,0;0,0;0,0;0,0;10,5;0,0;1,1;0,0;
11:46:53;22,9;0,0;517;0,0;0,0;0,0;0,0;10,5;0,0;1,1;0,0;
11:46:54;22,9;0,0;517;0,0;0,0;0,0;0,0;10,5;0,0;1,1;0,0;
11:46:55;22,9;0,0;517;0,0;0,0;0,0;0,0;10,5;0,0;1,1;0,0;
11:46:56;22,8;0,0;517;0,0;0,0;0,0;0,0;10,4;0,0;1,1;0,0;
11:46:57;22,8;0,0;517;0,0;0,0;0,0;0,0;10,3;0,0;1,1;0,0;
11:46:58;22,8;0,0;517;0,0;0,0;0,0;0,0;10,3;0,0;1,1;0,0;
11:46:59;22,8;0,0;517;0,0;0,0;0,0;0,0;10,3;0,0;1,1;0,0;
11:47:00;22,8;0,0;517;0,0;0,0;0,0;0,0;10,3;0,0;1,1;0,0;
11:47:01;22,8;0,0;520;0,0;0,0;0,0;0,0;10,3;0,0;1,1;0,0;
11:47:02;22,8;0,0;520;0,0;0,0;0,0;0,0;10,3;0,0;1,1;0,0;
11:47:03;22,8;0,0;520;0,0;0,0;0,0;0,0;10,3;0,0;1,1;0,0;
11:47:04;22,8;0,0;520;0,0;0,0;0,0;0,0;10,3;0,0;1,1;0,0;
11:47:05;22,8;0,0;520;0,0;0,0;0,0;0,0;10,2;0,0;1,1;0,0;
11:47:06;22,8;0,0;520;0,0;0,0;0,0;0,0;10,2;0,0;1,1;0,0;
11:47:07;22,8;0,0;517;0,0;0,0;0,0;0,0;10,1;0,0;1,1;0,0;
11:47:08;22,7;0,0;517;0,0;0,0;0,0;0,0;10,1;0,0;1,1;0,0;
11:47:09;22,7;0,0;517;0,0;0,0;0,0;0,0;10,1;0,0;1,1;0,0;
11:47:10;22,7;0,0;517;0,0;0,0;0,0;0,0;10,1;0,0;1,1;0,0;
11:47:11;22,7;0,0;517;0,0;0,0;0,0;0,0;10,0;0,0;1,1;0,0;
11:47:12;22,7;0,0;517;0,0;0,0;0,0;0,0;10,0;0,0;1,1;0,0;
11:47:13;22,7;0,0;517;0,0;0,0;0,0;0,0;10,0;0,0;1,1;0,0;
11:47:14;22,7;0,0;517;0,0;0,0;0,0;0,0;10,0;0,0;1,1;0,0;
11:47:15;22,7;0,0;520;0,0;0,0;0,0;0,0;10,0;0,0;1,1;0,0;
11:47:16;22,7;0,0;520;0,0;0,0;0,0;0,0;10,0;0,0;1,1;0,0;
11:47:17;22,7;0,0;517;0,0;0,0;0,0;0,0;10,0;0,0;1,1;0,0;
11:47:18;22,7;0,0;517;0,0;0,0;0,0;0,0;10,0;0,0;1,1;0,0;
11:47:19;22,6;0,0;0,0;0,0;0,0;0,0;0,0;10,0;0,0;1,1;0,0;
11:47:20;22,6;0,0;0,0;0,0;0,0;0,0;0,0;9,9;0,0;1,1;0,0;
11:47:21;22,6;0,0;0,0;0,0;0,0;0,0;0,0;9,9;0,0;1,1;0,0;
11:47:22;22,6;0,0;0,0;0,0;0,0;0,0;0,0;0,0;0,0;0,0;0,0;
11:47:23;22,5;0,0;0,0;0,0;0,0;0,0;0,0;0,0;0,0;0,0;0,0;
11:47:24;22,5;0,0;0,0;0,0;0,0;0,0;0,0;0,0;0,0;0,0;0,0;
11:47:25;22,5;0,0;0,0;0,0;0,0;0,0;0,0;0,0;0,0;0,0;0,0;
11:47:26;22,5;0,0;0,0;0,0;0,0;0,0;0,0;0,0;0,0;0,0;0,0;
11:47:28;22,5;0,0;0,0;0,0;0,0;0,0;0,0;0,0;0,0;0,0;0,0;
11:47:29;22,5;0,0;0,0;0,0;0,0;0,0;0,0;0,0;0,0;0,0;0,0;
11:47:30;22,5;0,0;0,0;0,0;0,0;0,0;0,0;0,0;0,0;0,0;0,0;
11:47:31;22,5;0,0;0,0;0,0;0,0;0,0;0,0;0,0;0,0;0,0;0,0;
11:47:32;22,5;0,0;0,0;0,0;0,0;0,0;0,0;0,0;0,0;0,0;0,0;
11:47:33;22,5;0,0;0,0;0,0;0,0;0,0;0,0;0,0;0,0;0,0;0,0;
11:47:34;22,5;0,0;0,0;0,0;0,0;0,0;0,0;0,0;0,0;0,0;0,0;
11:47:35;22,5;0,0;0,0;0,0;0,0;0,0;0,0;0,0;0,0;0,0;0,0;
11:47:36;22,5;0,0;0,0;0,0;0,0;0,0;0,0;0,0;0,0;0,0;0,0;
11:47:37;22,5;0,0;0,0;0,0;0,0;0,0;0,0;0,0;0,0;0,0;0,0;
11:47:38;22,5;0,0;0,0;0,0;0,0;0,0;0,0;0,0;0,0;0,0;0,0;
11:47:39;22,5;0,0;0,0;0,0;0,0;0,0;0,0;0,0;0,0;0,0;0,0;
11:47:40;22,4;0,0;0,0;0,0;0,0;0,0;0,0;0,0;0,0;0,0;0,0;
11:47:41;22,4;0,0;0,0;0,0;0,0;0,0;0,0;0,0;0,0;0,0;0,0;
11:47:42;22,4;0,0;0,0;0,0;0,0;0,0;0,0;0,0;0,0;0,0;0,0;
11:47:43;22,4;0,0;0,0;0,0;0,0;0,0;0,0;0,0;0,0;0,0;0,0;
11:47:44;22,4;0,0;0,0;0,0;0,0;0,0;0,0;0,0;0,0;0,0;0,0;
11:47:45;22,4;0,0;0,0;0,0;0,0;0,0;0,0;0,0;0,0;0,0;0,0;
11:47:45;22,4;0,0;0,0;0,0;0,0;0,0;0,0;0,0;0,0;0,0;0,0;
11:47:47;22,4;0,0;0,0;0,0;0,0;0,0;0,0;0,0;0,0;0,0;0,0;
11:47:48;22,4;0,0;0,0;0,0;0,0;0,0;0,0;0,0;0,0;0,0;0,0;
11:47:49;22,4;0,0;0,0;0,0;0,0;0,0;0,0;0,0;0,0;0,0;0,0;
11:47:50;22,4;0,0;0,0;0,0;0,0;0,0;0,0;0,0;0,0;0,0;0,0;
11:47:51;22,4;0,0;0,0;0,0;0,0;0,0;0,0;0,1;0,0;0,0;0,0;
11:47:52;22,4;0,0;0,0;0,0;0,0;0,0;0,0;0,2;0,0;0,0;0,0;
11:47:53;22,3;0,0;0,0;0,0;0,0;0,0;0,0;0,2;0,0;0,0;0,0;
11:47:54;22,3;0,0;0,0;0,0;0,0;0,0;0,0;0,1;0,0;0,0;0,0;
11:47:55;22,3;0,0;0,0;0,0;0,0;0,0;0,0;0,1;0,0;0,0;0,0;
11:47:56;22,3;0,0;0,0;0,0;0,0;0,0;0,0;1,6;0,0;0,0;0,0;
11:47:57;22,3;0,0;0,0;0,0;0,0;0,0;0,0;1,6;0,0;0,0;0,0;
11:47:58;22,3;0,0;0,0;0,0;0,0;0,0;0,0;1,7;0,0;0,0;0,0;
11:47:59;22,3;0,0;0,0;0,0;0,0;0,0;0,0;0,9;0,0;0,0;0,0;
11:48:00;22,3;0,0;0,0;0,0;0,0;0,0;0,0;0,6;0,0;0,0;0,0;
11:48:01;22,3;0,0;0,0;0,0;0,0;0,0;0,0;1,0;0,0;0,0;0,0;
11:48:02;22,3;0,0;0,0;0,0;0,0;0,0;0,0;1,0;0,0;0,0;0,0;
11:48:03;22,3;0,0;0,0;0,0;0,0;0,0;0,0;1,3;0,0;0,0;0,0;
11:48:04;22,3;0,0;0,0;0,0;0,0;0,0;0,0;1,1;0,0;0,0;0,0;
11:48:05;22,2;0,0;0,0;0,0;0,0;0,0;0,0;0,9;0,0;0,0;0,0;
11:48:06;22,2;0,0;0,0;0,0;0,0;0,0;0,0;0,9;0,0;0,0;0,0;
11:48:07;22,2;0,0;0,0;0,0;0,0;0,0;0,0;0,9;0,0;0,0;0,0;
11:48:08;22,2;0,0;0,0;0,0;0,0;0,0;0,0;1,1;0,0;0,0;0,0;
11:48:09;22,2;0,0;0,0;0,0;0,0;0,0;0,0;1,1;0,0;0,0;0,0;
11:48:10;22,2;0,0;0,0;0,0;0,0;0,0;0,0;1,0;0,0;0,0;0,0;
11:48:11;22,2;0,0;0,0;0,0;0,0;0,0;0,0;1,0;0,0;0,0;0,0;
11:48:12;22,2;0,0;0,0;0,0;0,0;0,0;0,0;0,9;0,0;0,0;0,0;
11:48:13;22,2;0,0;0,0;0,0;0,0;0,0;0,0;1,0;0,0;0,0;0,0;
11:48:14;22,2;0,0;0,0;0,0;0,0;0,0;0,0;1,1;0,0;0,0;0,0;
11:48:15;22,2;0,0;0,0;0,0;0,0;0,0;0,0;1,1;0,0;0,0;0,0;
11:48:16;22,1;0,0;0,0;0,0;0,0;0,0;0,0;1,0;0,0;0,0;0,0;
11:48:17;22,1;0,0;0,0;0,0;0,0;0,0;0,0;1,0;0,0;0,0;0,0;
11:48:18;22,1;0,0;0,0;0,0;0,0;0,0;0,0;1,0;0,0;0,0;0,0;
11:48:19;22,1;0,0;0,0;0,0;101;38;0,0;1,0;0,0;0,0;0,0;
11:48:20;22,1;0,0;0,0;0,0;101;1;0,0;1,0;0,0;0,0;0,0;
11:48:21;22,1;0,0;0,0;0,0;101;1;0,0;1,0;0,0;0,0;0,0;
11:48:22;22,1;0,0;9;0,0;101;1;0,0;1,0;0,0;0,0;0,0;
11:48:23;22,1;0,0;9;0,0;101;1;0,0;1,0;0,0;0,0;0,0;
11:48:25;49,8;0,0;1018;0,0;102;1;0,0;1,0;0,0;0,0;0,0;
11:48:25;49,8;0,0;1018;0,0;101;1;0,0;1,1;0,0;0,0;0,0;
11:48:26;49,8;0,0;1018;0,0;102;1;0,0;1,0;0,0;0,0;0,0;
11:48:27;49,8;0,0;1018;0,0;101;1;0,0;0,9;0,0;0,0;0,0;
11:48:28;55,0;0,0;1021;0,0;101;1;0,0;1,0;0,0;0,0;0,0;
11:48:29;55,0;0,0;1021;0,0;101;1;0,0;1,0;0,0;0,0;0,0;
11:48:30;55,0;0,0;1018;0,0;102;1;0,0;1,0;0,0;0,0;0,0;
11:48:31;55,0;0,0;1018;0,0;101;1;0,0;1,0;0,0;0,0;0,0;
11:48:32;59,6;0,0;1018;0,0;101;1;0,0;1,0;0,0;0,0;0,0;
11:48:33;59,6;0,0;1018;0,0;101;1;0,0;1,0;0,0;0,0;0,0;
11:48:34;59,6;0,0;1018;0,0;101;1;0,0;1,0;0,0;0,0;0,0;
11:48:35;59,6;0,0;1018;0,0;101;1;0,0;1,0;0,0;0,0;0,0;
11:48:36;64,9;0,0;1021;0,0;101;1;0,0;1,0;0,0;0,0;0,0;
11:48:37;64,9;0,0;1021;0,0;101;1;0,0;1,0;0,0;0,0;0,0;
11:48:38;64,9;0,0;1018;0,0;101;1;0,0;1,0;0,0;0,0;0,0;
11:48:39;66,8;0,0;1018;0,0;101;1;0,0;1,0;0,0;0,0;0,0;
11:48:40;66,8;0,0;1021;0,0;101;1;0,0;1,0;0,0;0,0;0,0;
11:48:41;66,8;0,0;1021;0,0;102;1;0,0;1,0;0,0;0,0;0,0;
11:48:42;66,8;0,0;1021;0,0;101;1;0,0;1,0;0,0;0,0;0,0;
11:48:43;70,5;0,0;1021;0,0;101;1;0,0;1,0;0,0;0,0;0,0;
11:48:44;70,5;0,0;1018;0,0;101;1;0,0;1,0;0,0;0,0;0,0;
11:48:45;70,5;0,0;1018;0,0;101;1;0,0;1,0;0,0;0,0;0,0;
11:48:46;70,5;0,0;1018;0,0;101;1;0,0;1,0;0,0;0,0;0,0;
11:48:47;72,2;0,0;1021;0,0;101;1;0,0;1,0;0,0;0,0;0,0;
11:48:48;72,2;0,0;1021;0,0;101;1;0,0;1,0;0,0;0,0;0,0;
11:48:49;72,2;0,0;1018;0,0;102;1;0,0;1,0;0,0;0,0;0,0;
11:48:50;72,2;0,0;1018;0,0;101;1;0,0;1,0;0,0;0,0;0,0;
11:48:51;72,2;0,0;1018;0,0;101;1;0,0;1,0;0,0;0,0;0,0;
11:48:52;72,2;0,0;1018;0,0;101;1;0,0;1,0;0,0;0,0;0,0;
11:48:53;72,2;0,0;1021;0,0;102;1;0,0;1,0;0,0;0,0;0,0;
11:48:54;72,2;0,0;1021;0,0;101;1;0,0;1,0;0,0;0,0;0,0;
11:48:55;71,3;0,0;1018;0,0;101;1;0,0;1,0;0,0;0,0;0,0;
11:48:57;71,3;0,0;1018;0,0;101;1;0,0;1,0;0,0;0,0;0,0;
11:48:58;71,3;0,0;1021;0,0;101;1;0,0;1,0;0,0;0,0;0,0;
11:48:59;71,3;0,0;1021;0,0;101;1;0,0;1,0;0,0;0,0;0,0;
11:49:00;72,3;0,0;1018;0,0;102;1;0,0;1,0;0,0;0,0;0,0;
11:49:01;72,3;0,0;1018;0,0;102;1;0,0;1,0;0,0;0,0;0,0;
11:49:02;72,3;0,0;1018;0,0;101;1;0,0;1,0;0,0;0,0;0,0;
11:49:03;72,3;0,0;1018;0,0;101;1;0,0;1,0;0,0;0,0;0,0;
11:49:04;70,7;0,0;1018;0,0;101;1;0,0;1,0;0,0;0,0;0,0;
11:49:05;70,7;0,0;1018;0,0;101;1;0,0;1,0;0,0;0,0;0,0;
11:49:06;70,7;0,0;1018;0,0;102;1;0,0;1,0;0,0;0,0;0,0;
11:49:07;69,8;0,0;1018;0,0;101;1;0,0;1,0;0,0;0,0;0,0;
11:49:08;69,8;0,0;1018;0,0;102;1;0,0;1,0;0,0;0,0;0,0;
11:49:09;69,8;0,0;1018;0,0;101;1;0,0;1,0;0,0;0,0;0,0;
11:49:10;69,8;0,0;1021;0,0;102;1;0,0;1,0;0,0;0,0;0,0;
11:49:11;70,2;0,0;1021;0,0;101;1;0,0;1,0;0,0;0,0;0,0;
11:49:12;70,2;0,0;1018;0,0;101;1;0,0;1,0;0,0;0,0;0,0;
11:49:13;70,2;0,0;1018;0,0;101;1;0,0;1,0;0,0;0,0;0,0;
11:49:14;70,2;0,0;1021;0,0;101;1;0,0;1,0;0,0;0,0;0,0;
11:49:15;72,4;0,0;1021;0,0;101;1;0,0;1,0;0,0;0,0;0,0;
11:49:16;72,4;0,0;1018;0,0;101;1;0,0;1,0;0,0;0,0;0,0;
11:49:17;72,4;0,0;1018;0,0;102;1;0,0;1,0;0,0;0,0;0,0;
11:49:18;72,4;0,0;1018;0,0;101;1;0,0;1,0;0,0;0,0;0,0;
11:49:19;74,7;0,0;1018;0,0;102;1;0,0;1,0;0,0;0,0;0,0;
11:49:20;74,7;0,0;1018;0,0;101;1;0,0;1,0;0,0;0,0;0,0;
11:49:21;74,7;0,0;1018;0,0;101;1;0,0;1,0;0,0;0,0;0,0;
11:49:22;74,7;0,0;1018;0,0;101;1;0,0;1,0;0,0;0,0;0,0;
11:49:23;74,4;0,0;1018;0,0;101;1;0,0;1,0;0,0;0,0;0,0;
11:49:24;74,4;0,0;1018;0,0;101;1;0,0;1,0;0,0;0,0;0,0;
11:49:25;74,4;0,0;1018;0,0;101;1;0,0;1,0;0,0;0,0;0,0;
11:49:26;74,4;0,0;1018;0,0;102;1;0,0;1,0;0,0;0,0;0,0;
11:49:27;76,7;0,0;1018;0,0;101;1;0,0;1,0;0,0;0,0;0,0;
11:49:28;76,7;0,0;1018;0,0;101;1;0,0;1,0;0,0;0,0;0,0;
11:49:29;76,7;0,0;1018;0,0;101;1;0,0;1,0;0,0;0,0;0,0;
11:49:30;76,7;0,0;1018;0,0;102;1;0,0;1,0;0,0;0,0;0,0;
11:49:31;76,9;0,0;1021;0,0;101;1;0,0;1,0;0,0;0,0;0,0;
11:49:32;76,9;0,0;1021;0,0;101;1;0,0;1,0;0,0;0,0;0,0;
11:49:33;76,9;0,0;1021;0,0;102;1;0,0;1,0;0,0;0,0;0,0;
11:49:34;76,0;0,0;1021;0,0;101;1;0,0;1,0;0,0;0,0;0,0;
11:49:35;76,0;0,0;1018;0,0;102;1;0,0;1,0;0,0;0,0;0,0;
11:49:36;76,0;0,0;1018;0,0;102;1;0,0;1,0;0,0;0,0;0,0;
11:49:37;76,0;0,0;1015;0,0;102;1;0,0;1,0;0,0;0,0;0,0;
11:49:38;74,3;0,0;1015;0,0;102;1;0,0;1,0;0,0;0,0;0,0;
11:49:39;74,3;0,0;1021;0,0;101;1;0,0;1,0;0,0;0,0;0,0;
11:49:40;74,3;0,0;1021;0,0;101;1;0,0;1,0;0,0;0,0;0,0;
11:49:41;74,3;0,0;1018;0,0;102;1;0,0;1,0;0,0;0,0;0,0;
11:49:43;75,3;0,0;1018;0,0;101;1;0,0;1,0;0,0;0,0;0,0;
11:49:44;75,3;0,0;1021;0,0;102;1;0,0;1,0;0,0;0,0;0,0;
11:49:45;75,3;0,0;1021;0,0;102;1;0,0;1,0;0,0;0,0;0,0;
11:49:46;75,3;0,0;1018;0,0;102;1;0,0;1,0;0,0;0,0;0,0;
11:49:47;73,6;0,0;1018;0,0;101;1;0,0;1,0;0,0;0,0;0,0;
11:49:47;73,6;0,0;1018;0,0;101;1;0,0;1,0;0,0;0,0;0,0;
11:49:48;73,6;0,0;1018;0,0;101;1;0,0;1,0;0,0;0,0;0,0;
11:49:49;73,6;0,0;1018;0,0;102;1;0,0;1,0;0,0;0,0;0,0;
11:49:50;72,8;0,0;1018;0,0;101;1;0,0;1,0;0,0;0,0;0,0;
11:49:51;72,8;0,0;1018;0,0;101;1;0,0;1,0;0,0;0,0;0,0;
11:49:52;72,8;0,0;1018;0,0;102;1;0,0;1,0;0,0;0,0;0,0;
11:49:53;72,8;0,0;1018;0,0;101;1;0,0;1,0;0,0;0,0;0,0;
11:49:54;73,4;0,0;1018;0,0;102;1;0,0;1,0;0,0;0,0;0,0;
11:49:55;73,4;0,0;1018;0,0;101;1;0,0;1,0;0,0;0,0;0,0;
11:49:56;73,4;0,0;1021;0,0;101;1;0,0;1,0;0,0;0,0;0,0;
11:49:57;73,9;0,0;1021;0,0;102;1;0,0;1,0;0,0;0,0;0,0;
11:49:58;73,9;0,0;1018;0,0;101;1;0,0;1,0;0,0;0,0;0,0;
11:49:59;73,9;0,0;1018;0,0;102;1;0,0;1,0;0,0;0,0;0,0;
11:50:00;73,9;0,0;1021;0,0;101;1;0,0;1,0;0,0;0,0;0,0;
11:50:02;76,6;0,0;1021;0,0;101;1;0,0;1,0;0,0;0,0;0,0;
11:50:03;76,6;0,0;1021;0,0;101;1;0,0;1,0;0,0;0,0;0,0;
11:50:04;76,6;0,0;1021;0,0;102;1;0,0;1,0;0,0;0,0;0,0;
11:50:05;76,6;0,0;1018;0,0;102;1;0,0;1,0;0,0;0,0;0,0;
11:50:06;78,5;0,0;1018;0,0;102;1;0,0;1,0;0,0;0,0;0,0;
11:50:07;78,5;0,0;1018;0,0;101;1;0,0;1,0;0,0;0,0;0,0;
11:50:08;78,5;0,0;1018;0,0;101;1;0,0;1,0;0,0;0,0;0,0;
11:50:09;78,5;0,0;0,0;0,0;101;1;0,0;0,9;0,0;0,0;0,0;
11:50:10;79,0;0,0;0,0;0,0;101;1;0,0;0,9;0,0;0,0;0,0;
11:50:11;79,0;0,0;0,0;0,0;101;1;0,0;0,9;0,0;0,0;0,0;
11:50:12;79,0;0,0;0,0;0,0;0,0;0,0;0,0;0,0;0,0;0,0;0,0;
11:50:13;79,0;0,0;0,0;0,0;0,0;0,0;0,0;0,0;0,0;0,0;0,0;
11:50:14;78,5;0,0;0,0;0,0;0,0;0,0;0,0;0,0;0,0;0,0;0,0;
11:50:15;78,5;0,0;0,0;0,0;0,0;0,0;0,0;0,0;0,0;0,0;0,0;
11:50:16;78,5;0,0;0,0;0,0;0,0;0,0;0,0;0,0;0,0;0,0;0,0;
11:50:17;78,5;0,0;0,0;0,0;0,0;0,0;0,0;0,0;0,0;0,0;0,0;
11:50:18;43,8;0,0;0,0;0,0;0,0;0,0;0,0;0,0;0,0;0,0;0,0;
11:50:19;43,8;0,0;0,0;0,0;0,0;0,0;0,0;0,0;0,0;0,0;0,0;
11:50:20;43,8;0,0;0,0;0,0;0,0;0,0;0,0;0,0;0,0;0,0;0,0;
11:50:21;43,8;0,0;0,0;0,0;0,0;0,0;0,0;0,0;0,0;0,0;0,0;
11:50:22;38,9;0,0;0,0;0,0;0,0;0,0;0,0;0,0;0,0;0,0;0,0;
11:50:23;38,9;0,0;0,0;0,0;0,0;0,0;0,0;0,0;0,0;0,0;0,0;
11:50:24;38,9;0,0;0,0;0,0;0,0;0,0;0,0;0,0;0,0;0,0;0,0;
11:50:25;38,9;0,0;0,0;0,0;0,0;0,0;0,0;0,0;0,0;0,0;0,0;
11:50:26;35,2;0,0;0,0;0,0;0,0;0,0;0,0;0,0;0,0;0,0;0,0;
11:50:27;35,2;0,0;0,0;0,0;0,0;0,0;0,0;0,0;0,0;0,0;0,0;
11:50:28;35,2;0,0;0,0;0,0;0,0;0,0;0,0;0,0;0,0;0,0;0,0;
11:50:29;35,2;0,0;0,0;0,0;0,0;0,0;0,0;0,0;0,0;0,0;0,0;
11:50:30;32,8;0,0;0,0;0,0;0,0;0,0;0,0;0,0;0,0;0,0;0,0;
11:50:31;32,8;0,0;0,0;0,0;0,0;0,0;0,0;0,0;0,0;0,0;0,0;
11:50:32;32,8;0,0;0,0;0,0;0,0;0,0;0,0;0,0;0,0;0,0;0,0;
11:50:33;32,8;0,0;0,0;0,0;0,0;0,0;0,0;0,0;0,0;0,0;0,0;
11:50:34;32,8;0,0;0,0;0,0;0,0;0,0;0,0;0,0;0,0;0,0;0,0;
11:50:35;31,1;0,0;0,0;0,0;0,0;0,0;0,0;0,0;0,0;0,0;0,0;
11:50:36;31,1;0,0;0,0;0,0;0,0;0,0;0,0;0,0;0,0;0,0;0,0;
11:50:37;31,1;0,0;0,0;0,0;0,0;0,0;0,0;0,0;0,0;0,0;0,0;
11:50:38;31,1;0,0;0,0;0,0;0,0;0,0;0,0;0,0;0,0;0,0;0,0;
11:50:39;29,8;0,0;0,0;0,0;0,0;0,0;0,0;0,0;0,0;0,0;0,0;
11:50:40;29,8;0,0;0,0;0,0;0,0;0,0;0,0;0,0;0,0;0,0;0,0;
11:50:41;29,8;0,0;0,0;0,0;0,0;0,0;0,0;0,0;0,0;0,0;0,0;
11:50:42;29,8;0,0;0,0;0,0;0,0;0,0;0,0;0,0;0,0;0,0;0,0;
11:50:43;29,8;0,0;0,0;0,0;0,0;0,0;0,0;0,0;0,0;0,0;0,0;
11:50:44;28,9;0,0;0,0;0,0;0,0;0,0;0,0;0,0;0,0;0,0;0,0;
11:50:45;28,9;0,0;0,0;0,0;0,0;0,0;0,0;0,0;0,0;0,0;0,0;
11:50:46;28,9;0,0;0,0;0,0;0,0;0,0;0,0;0,0;0,0;0,0;0,0;
11:50:47;28,9;0,0;0,0;0,0;0,0;0,0;0,0;0,0;0,0;0,0;0,0;
11:50:48;28,2;0,0;0,0;0,0;0,0;0,0;0,0;0,0;0,0;0,0;0,0;
11:50:49;28,2;0,0;0,0;0,0;0,0;0,0;0,0;0,0;0,0;0,0;0,0;
11:50:50;28,2;0,0;0,0;0,0;0,0;0,0;0,0;0,0;0,0;0,0;0,0;
11:50:51;28,2;0,0;0,0;0,0;0,0;0,0;0,0;0,0;0,0;0,0;0,0;
11:50:52;27,8;0,0;0,0;0,0;0,0;0,0;0,0;0,0;0,0;0,0;0,0;
11:50:53;27,8;0,0;0,0;0,0;0,0;0,0;0,0;0,0;0,0;0,0;0,0;
11:50:54;27,8;0,0;0,0;0,0;0,0;0,0;0,0;0,0;0,0;0,0;0,0;
11:50:55;27,8;0,0;0,0;0,0;0,0;0,0;0,0;0,0;0,0;0,0;0,0;
11:50:56;27,3;0,0;0,0;0,0;0,0;0,0;0,0;0,0;0,0;0,0;0,0;
11:50:58;27,3;0,0;0,0;0,0;0,0;0,0;0,0;0,0;0,0;0,0;0,0;
11:50:59;27,3;0,0;0,0;0,0;0,0;0,0;0,0;0,0;0,0;0,0;0,0;
11:51:00;27,3;0,0;0,0;0,0;0,0;0,0;0,0;0,0;0,0;0,0;0,0;
11:51:01;26,9;0,0;0,0;0,0;0,0;0,0;0,0;0,0;0,0;0,0;0,0;
11:51:02;26,9;0,0;0,0;0,0;0,0;0,0;0,0;0,0;0,0;0,0;0,0;
11:51:03;26,9;0,0;0,0;0,0;0,0;0,0;0,0;0,0;0,0;0,0;0,0;
11:51:04;26,9;0,0;0,0;0,0;0,0;0,0;0,0;0,0;0,0;0,0;0,0;
11:51:05;26,9;0,0;0,0;0,0;0,0;0,0;0,0;0,0;0,0;0,0;0,0;
11:51:06;26,6;0,0;0,0;0,0;0,0;0,0;0,0;0,0;0,0;0,0;0,0;
11:51:06;26,6;0,0;0,0;0,0;0,0;0,0;0,0;0,0;0,0;0,0;0,0;
11:51:07;26,6;0,0;0,0;0,0;0,0;0,0;0,0;0,0;0,0;0,0;0,0;
11:51:08;26,6;0,0;0,0;0,0;0,0;0,0;0,0;0,0;0,0;0,0;0,0;
11:51:09;26,3;0,0;0,0;0,0;0,0;0,0;0,0;0,0;0,0;0,0;0,0;
11:51:10;26,3;0,0;0,0;0,0;0,0;0,0;0,0;0,0;0,0;0,0;0,0;
11:51:11;26,3;0,0;0,0;0,0;0,0;0,0;0,0;0,0;0,0;0,0;0,0;
11:51:12;26,3;0,0;0,0;0,0;0,0;0,0;0,0;0,0;0,0;0,0;0,0;
11:51:13;26,3;0,0;0,0;0,0;0,0;0,0;0,0;0,0;0,0;0,0;0,0;
11:51:14;26,0;0,0;0,0;0,0;0,0;0,0;0,0;0,0;0,0;0,0;0,0;
11:51:15;26,0;0,0;0,0;0,0;0,0;0,0;0,0;0,0;0,0;0,0;0,0;
11:51:16;26,0;0,0;0,0;0,0;0,0;0,0;0,0;0,0;0,0;0,0;0,0;
11:51:17;26,0;0,0;0,0;0,0;0,0;0,0;0,0;0,0;0,0;0,0;0,0;
11:51:18;25,8;0,0;0,0;0,0;0,0;0,0;0,0;0,0;0,0;0,0;0,0;
11:51:19;25,8;0,0;0,0;0,0;0,0;0,0;0,0;0,0;0,0;0,0;0,0;
11:51:20;25,8;0,0;0,0;0,0;0,0;0,0;0,0;0,0;0,0;0,0;0,0;
11:51:21;25,8;0,0;0,0;0,0;0,0;0,0;0,0;0,0;0,0;0,0;0,0;
11:51:22;25,8;0,0;0,0;0,0;0,0;0,0;0,0;0,0;0,0;0,0;0,0;
11:51:24;25,6;0,0;0,0;0,0;0,0;0,0;0,0;0,0;0,0;0,0;0,0;
11:51:25;25,6;0,0;0,0;0,0;0,0;0,0;0,0;0,0;0,0;0,0;0,0;
11:51:26;25,6;0,0;0,0;0,0;0,0;0,0;0,0;0,0;0,0;0,0;0,0;
11:51:27;25,6;0,0;0,0;0,0;0,0;0,0;0,0;0,0;0,0;0,0;0,0;
11:51:28;25,4;0,0;0,0;0,0;0,0;0,0;0,0;0,0;0,0;0,0;0,0;
11:51:29;25,4;0,0;0,0;0,0;0,0;0,0;0,0;0,0;0,0;0,0;0,0;
11:51:30;25,4;0,0;0,0;0,0;0,0;0,0;0,0;0,0;0,0;0,0;0,0;
11:51:31;25,4;0,0;0,0;0,0;0,0;0,0;0,0;0,0;0,0;0,0;0,0;
11:51:32;25,4;0,0;0,0;0,0;0,0;0,0;0,0;0,0;0,0;0,0;0,0;
11:51:33;25,2;0,0;0,0;0,0;0,0;0,0;0,0;0,0;0,0;0,0;0,0;
11:51:34;25,2;0,0;0,0;0,0;0,0;0,0;0,0;0,0;0,0;0,0;0,0;
11:51:35;25,2;0,0;0,0;0,0;0,0;0,0;0,0;0,0;0,0;0,0;0,0;
11:51:36;25,2;0,0;0,0;0,0;0,0;0,0;0,0;0,0;0,0;0,0;0,0;
11:51:37;25,0;0,0;0,0;0,0;0,0;0,0;0,0;0,0;0,0;0,0;0,0;
11:51:38;25,0;0,0;0,0;0,0;0,0;0,0;0,0;0,0;0,0;0,0;0,0;
11:51:39;25,0;0,0;0,0;0,0;0,0;0,0;0,0;0,0;0,0;0,0;0,0;
11:51:40;25,0;0,0;0,0;0,0;0,0;0,0;0,0;0,0;0,0;0,0;0,0;
11:51:41;25,0;0,0;0,0;0,0;0,0;0,0;0,0;0,0;0,0;0,0;0,0;
11:51:42;24,9;0,0;0,0;0,0;0,0;0,0;0,0;0,0;0,0;0,0;0,0;
11:51:43;24,9;0,0;0,0;0,0;0,0;0,0;0,0;0,0;0,0;0,0;0,0;
11:51:44;24,9;0,0;0,0;0,0;0,0;0,0;0,0;0,0;0,0;0,0;0,0;
11:51:45;24,9;0,0;0,0;0,0;0,0;0,0;0,0;0,0;0,0;0,0;0,0;
11:51:46;24,7;0,0;0,0;0,0;0,0;0,0;0,0;0,0;0,0;0,0;0,0;
11:51:47;24,7;0,0;0,0;0,0;0,0;0,0;0,0;0,0;0,0;0,0;0,0;
11:51:48;24,7;0,0;0,0;0,0;0,0;0,0;0,0;0,0;0,0;0,0;0,0;
11:51:49;24,7;0,0;0,0;0,0;0,0;0,0;0,0;0,0;0,0;0,0;0,0;
11:51:50;24,7;0,0;0,0;0,0;0,0;0,0;0,0;0,0;0,0;0,0;0,0;
11:51:51;24,6;0,0;0,0;0,0;0,0;0,0;0,0;0,0;0,0;0,0;0,0;
11:51:52;24,6;0,0;0,0;0,0;0,0;0,0;0,0;0,0;0,0;0,0;0,0;
11:51:53;24,6;0,0;0,0;0,0;0,0;0,0;0,0;0,0;0,0;0,0;0,0;
11:51:54;24,6;0,0;0,0;0,0;0,0;0,0;0,0;0,0;0,0;0,0;0,0;
11:51:55;24,5;0,0;0,0;0,0;0,0;0,0;0,0;0,0;0,0;0,0;0,0;
11:51:56;24,5;0,0;0,0;0,0;0,0;0,0;0,0;0,0;0,0;0,0;0,0;
11:51:57;24,5;0,0;0,0;0,0;0,0;0,0;0,0;0,0;0,0;0,0;0,0;
11:51:58;24,5;0,0;0,0;0,0;0,0;0,0;0,0;0,0;0,0;0,0;0,0;
11:51:59;24,3;0,0;0,0;0,0;0,0;0,0;0,0;0,0;0,0;0,0;0,0;
11:52:00;24,3;0,0;0,0;0,0;0,0;0,0;0,0;0,0;0,0;0,0;0,0;
11:52:01;24,3;0,0;0,0;0,0;0,0;0,0;0,0;0,0;0,0;0,0;0,0;
11:52:02;24,3;0,0;0,0;0,0;0,0;0,0;0,0;0,0;0,0;0,0;0,0;
11:52:03;24,3;0,0;0,0;0,0;0,0;0,0;0,0;0,0;0,0;0,0;0,0;
11:52:04;24,2;0,0;0,0;0,0;0,0;0,0;0,0;0,0;0,0;0,0;0,0;
11:52:05;24,2;0,0;0,0;0,0;0,0;0,0;0,0;0,0;0,0;0,0;0,0;
11:52:06;24,2;0,0;0,0;0,0;0,0;0,0;0,0;0,0;0,0;0,0;0,0;
11:52:08;24,2;0,0;0,0;0,0;0,0;0,0;0,0;0,0;0,0;0,0;0,0;
11:52:09;24,1;0,0;0,0;0,0;0,0;0,0;0,0;0,0;0,0;0,0;0,0;
11:52:10;24,1;0,0;0,0;0,0;0,0;0,0;0,0;0,0;0,0;0,0;0,0;
11:52:11;24,1;0,0;0,0;0,0;0,0;0,0;0,0;0,0;0,0;0,0;0,0;
11:52:12;24,1;0,0;0,0;0,0;0,0;0,0;0,0;0,0;0,0;0,0;0,0;
11:52:13;24,1;0,0;0,0;0,0;0,0;0,0;0,0;0,0;0,0;0,0;0,0;
11:52:14;24,0;0,0;0,0;0,0;0,0;0,0;0,0;0,0;0,0;0,0;0,0;
11:52:14;24,0;0,0;0,0;0,0;0,0;0,0;0,0;0,0;0,0;0,0;0,0;
11:52:15;24,0;0,0;0,0;0,0;0,0;0,0;0,0;0,0;0,0;0,0;0,0;
11:52:16;24,0;0,0;0,0;0,0;0,0;0,0;0,0;0,0;0,0;0,0;0,0;
11:52:17;23,9;0,0;0,0;0,0;0,0;0,0;0,0;0,0;0,0;0,0;0,0;
11:52:18;23,9;0,0;0,0;0,0;0,0;0,0;0,0;0,0;0,0;0,0;0,0;
11:52:19;23,9;0,0;0,0;0,0;0,0;0,0;0,0;0,0;0,0;0,0;0,0;
11:52:20;23,9;0,0;0,0;0,0;0,0;0,0;0,0;0,0;0,0;0,0;0,0;
11:52:21;23,8;0,0;0,0;0,0;0,0;0,0;0,0;0,0;0,0;0,0;0,0;
11:52:22;23,8;0,0;0,0;0,0;0,0;0,0;0,0;0,0;0,0;0,0;0,0;
11:52:23;23,8;0,0;0,0;0,0;0,0;0,0;0,0;0,0;0,0;0,0;0,0;
11:52:24;23,8;0,0;0,0;0,0;0,0;0,0;0,0;0,0;0,0;0,0;0,0;
11:52:25;23,8;0,0;0,0;0,0;0,0;0,0;0,0;0,0;0,0;0,0;0,0;
11:52:27;23,7;0,0;0,0;0,0;0,0;0,0;0,0;0,0;0,0;0,0;0,0;
11:52:28;23,7;0,0;0,0;0,0;0,0;0,0;0,0;0,0;0,0;0,0;0,0;
11:52:29;23,7;0,0;0,0;0,0;0,0;0,0;0,0;0,0;0,0;0,0;0,0;
11:52:30;23,7;0,0;0,0;0,0;0,0;0,0;0,0;0,0;0,0;0,0;0,0;
11:52:31;23,6;0,0;0,0;0,0;0,0;0,0;0,0;0,0;0,0;0,0;0,0;
11:52:32;23,6;0,0;0,0;0,0;0,0;0,0;0,0;0,0;0,0;0,0;0,0;
11:52:33;23,6;0,0;0,0;0,0;0,0;0,0;0,0;0,0;0,0;0,0;0,0;
11:52:34;23,6;0,0;0,0;0,0;0,0;0,0;0,0;0,0;0,0;0,0;0,0;
