14:47:11;0,0;0,0;0,0;0,0;0,0;0,0;0,0;0,0;
14:47:12;0,0;0,0;0,0;0,0;0,0;0,0;0,0;0,0;
14:47:13;0,0;0,0;0,0;0,0;0,0;0,0;0,0;0,0;
14:47:14;98,8;0,0;0,0;0,0;0,0;0,0;0,0;0,0;
14:47:15;98,8;0,0;0,0;0,0;0,0;0,0;0,0;0,0;
14:47:16;98,8;0,0;0,0;0,0;0,0;0,0;0,0;0,0;
14:47:17;98,8;0,0;0,0;0,0;0,0;0,0;0,0;0,0;
14:47:18;98,8;0,0;0,0;0,0;0,0;0,0;0,0;0,0;
14:47:19;98,8;0,0;0,0;0,0;0,0;0,0;0,0;0,0;
14:47:20;98,8;0,0;0,0;0,0;0,0;0,0;0,0;0,0;
14:47:21;98,6;0,0;0,0;0,0;0,0;0,0;0,0;0,0;
14:47:22;98,6;0,0;0,0;0,0;0,0;0,0;0,0;0,0;
14:47:23;98,8;0,0;0,0;0,0;0,0;0,0;0,0;0,0;
14:47:24;98,8;0,0;0,0;0,0;0,0;0,0;0,0;0,0;
14:47:25;98,9;0,0;0,0;0,0;0,0;0,0;0,0;0,0;
14:47:26;98,8;0,0;0,0;0,0;0,0;0,0;0,0;0,0;
14:47:27;98,8;0,0;0,0;0,0;0,0;0,0;0,0;0,0;
14:47:28;99,0;0,0;0,0;0,0;0,0;0,0;0,0;0,0;
14:47:29;98,9;0,0;0,0;0,0;0,0;0,0;0,0;0,0;
14:47:30;98,9;0,0;0,0;0,0;0,0;0,0;0,0;0,0;
14:47:31;98,9;0,0;0,0;0,0;0,0;0,0;0,0;0,0;
14:47:32;98,9;0,0;0,0;0,0;0,0;0,0;0,0;0,0;
14:47:33;98,9;0,0;0,0;0,0;0,0;0,0;0,0;0,0;
14:47:34;98,9;0,0;0,0;0,0;0,0;0,0;0,0;0,0;
14:47:35;99,0;0,0;0,0;0,0;0,0;0,0;0,0;0,0;
14:47:36;99,0;0,0;0,0;0,0;0,0;0,0;0,0;0,0;
14:47:37;99,0;0,0;0,0;0,0;0,0;0,0;0,0;0,0;
14:47:38;99,1;0,0;0,0;0,0;0,0;0,0;0,0;0,0;
14:47:39;99,1;0,0;0,0;0,0;0,0;0,0;0,0;0,0;
14:47:40;99,2;0,0;0,0;0,0;0,0;0,0;0,0;0,0;
14:47:41;99,2;0,0;0,0;0,0;0,0;0,0;0,0;0,0;
14:47:42;99,3;0,0;0,0;0,0;0,0;0,0;0,0;0,0;
14:47:43;99,4;0,0;0,0;0,0;0,0;0,0;0,0;0,0;
14:47:44;99,3;0,0;0,0;0,0;0,0;0,0;0,0;0,0;
14:47:45;99,3;0,0;0,0;0,0;0,0;0,0;0,0;0,0;
14:47:46;99,8;0,0;0,0;0,0;0,0;0,0;0,0;0,0;
14:47:47;99,7;0,0;0,0;0,0;0,0;0,0;0,0;0,0;
14:47:48;99,5;0,0;0,0;0,0;0,0;0,0;0,0;0,0;
14:47:49;99,5;0,0;0,0;0,0;0,0;0,0;0,0;0,0;
14:47:50;99,6;0,0;0,0;0,0;0,0;0,0;0,0;0,0;
14:47:51;99,7;0,0;0,0;0,0;0,0;0,0;0,0;0,0;
14:47:52;99,7;0,0;0,0;0,0;0,0;0,0;0,0;0,0;
14:47:53;99,7;0,0;0,0;0,0;0,0;0,0;0,0;0,0;
14:47:55;99,8;0,0;0,0;0,0;0,0;0,0;0,0;0,0;
14:47:56;99,8;0,0;0,0;0,0;0,0;0,0;0,0;0,0;
14:47:57;99,9;0,0;0,0;0,0;0,0;0,0;0,0;0,0;
14:47:58;99,9;0,0;0,0;0,0;0,0;0,0;0,0;0,0;
14:47:59;99,7;0,0;0,0;0,0;0,0;0,0;0,0;0,0;
14:48:00;100,0;0,0;0,0;0,0;0,0;0,0;0,0;0,0;
14:48:01;100,0;0,0;0,0;0,0;0,0;0,0;0,0;0,0;
14:48:02;100,2;0,0;0,0;0,0;0,0;0,0;0,0;0,0;
14:48:03;100,2;0,0;0,0;0,0;0,0;0,0;0,0;0,0;
14:48:04;99,7;0,0;0,0;0,0;0,0;0,0;0,0;0,0;
14:48:05;100,3;0,0;0,0;0,0;0,0;0,0;0,0;0,0;
14:48:06;100,4;0,0;0,0;0,0;0,0;0,0;0,0;0,0;
14:48:07;100,6;0,0;0,0;0,0;0,0;0,0;0,0;0,0;
14:48:08;100,7;0,0;0,0;0,0;0,0;0,0;0,0;0,0;
14:48:09;100,5;0,0;0,0;0,0;0,0;0,0;0,0;0,0;
14:48:10;100,6;0,0;0,0;0,0;0,0;0,0;0,0;0,0;
14:48:11;100,5;0,0;0,0;0,0;0,0;0,0;0,0;0,0;
14:48:12;100,6;0,0;0,0;0,0;0,0;0,0;0,0;0,0;
14:48:13;100,7;0,0;0,0;0,0;0,0;0,0;0,0;0,0;
14:48:14;100,7;0,0;0,0;0,0;0,0;0,0;0,0;0,0;
14:48:15;100,8;0,0;0,0;0,0;0,0;0,0;0,0;0,0;
14:48:16;100,8;0,0;0,0;0,0;0,0;0,0;0,0;0,0;
14:48:17;100,9;0,0;0,0;0,0;0,0;0,0;0,0;0,0;
14:48:18;100,9;0,0;0,0;0,0;0,0;0,0;0,0;0,0;
14:48:19;100,9;0,0;0,0;0,0;0,0;0,0;0,0;0,0;
14:48:20;100,9;0,0;0,0;0,0;0,0;0,0;0,0;0,0;
14:48:21;101,0;0,0;0,0;0,0;0,0;0,0;0,0;0,0;
14:48:22;101,0;0,0;0,0;0,0;0,0;0,0;0,0;0,0;
14:48:23;101,0;0,0;0,0;0,0;0,0;0,0;0,0;0,0;
14:48:24;101,1;0,0;0,0;0,0;0,0;0,0;0,0;0,0;
14:48:25;101,1;0,0;0,0;0,0;0,0;0,0;0,0;0,0;
14:48:26;101,1;0,0;0,0;0,0;0,0;0,0;0,0;0,0;
14:48:27;101,2;0,0;0,0;0,0;0,0;0,0;0,0;0,0;
14:48:28;101,2;0,0;0,0;0,0;0,0;0,0;0,0;0,0;
14:48:29;101,2;0,0;0,0;0,0;0,0;0,0;0,0;0,0;
14:48:30;101,3;0,0;0,0;0,0;0,0;0,0;0,0;0,0;
14:48:31;101,3;0,0;0,0;0,0;0,0;0,0;0,0;0,0;
14:48:32;101,3;0,0;0,0;0,0;0,0;0,0;0,0;0,0;
14:48:33;101,3;0,0;0,0;0,0;0,0;0,0;0,0;0,0;
14:48:34;101,4;0,0;0,0;0,0;0,0;0,0;0,0;0,0;
14:48:35;101,4;0,0;0,0;0,0;0,0;0,0;0,0;0,0;
14:48:36;101,4;0,0;0,0;0,0;0,0;0,0;0,0;0,0;
14:48:37;101,5;0,0;0,0;0,0;0,0;0,0;0,0;0,0;
14:48:38;101,5;0,0;0,0;0,0;0,0;0,0;0,0;0,0;
14:48:39;101,5;0,0;0,0;0,0;0,0;0,0;0,0;0,0;
14:48:40;101,5;0,0;0,0;0,0;0,0;0,0;0,0;0,0;
14:48:41;101,6;0,0;0,0;0,0;0,0;0,0;0,0;0,0;
14:48:42;101,6;0,0;0,0;0,0;0,0;0,0;0,0;0,0;
14:48:43;101,6;0,0;0,0;0,0;0,0;0,0;0,0;0,0;
14:48:44;101,6;0,0;0,0;0,0;0,0;0,0;0,0;0,0;
14:48:45;101,6;0,0;0,0;0,0;0,0;0,0;0,0;0,0;
14:48:46;101,6;0,0;0,0;0,0;0,0;0,0;0,0;0,0;
14:48:47;101,7;0,0;0,0;0,0;0,0;0,0;0,0;0,0;
14:48:48;101,7;0,0;0,0;0,0;0,0;0,0;0,0;0,0;
14:48:49;101,7;0,0;0,0;0,0;0,0;0,0;0,0;0,0;
14:48:50;101,7;0,0;0,0;0,0;0,0;0,0;0,0;0,0;
14:48:51;101,7;0,0;0,0;0,0;0,0;0,0;0,0;0,0;
14:48:52;101,8;0,0;0,0;0,0;0,0;0,0;0,0;0,0;
14:48:53;101,7;0,0;0,0;0,0;0,0;0,0;0,0;0,0;
14:48:54;101,8;0,0;0,0;0,0;0,0;0,0;0,0;0,0;
14:48:55;101,8;0,0;0,0;0,0;0,0;0,0;0,0;0,0;
14:48:56;101,8;0,0;0,0;0,0;0,0;0,0;0,0;0,0;
14:48:58;101,8;0,0;0,0;0,0;0,0;0,0;0,0;0,0;
14:48:59;101,8;0,0;0,0;0,0;0,0;0,0;0,0;0,0;
14:49:00;101,9;0,0;0,0;0,0;0,0;0,0;0,0;0,0;
14:49:01;101,9;0,0;0,0;0,0;0,0;0,0;0,0;0,0;
14:49:02;101,9;0,0;0,0;0,0;0,0;0,0;0,0;0,0;
14:49:03;101,9;0,0;0,0;0,0;0,0;0,0;0,0;0,0;
14:49:04;101,9;0,0;0,0;0,0;0,0;0,0;0,0;0,0;
14:49:05;101,9;0,0;0,0;0,0;0,0;0,0;0,0;0,0;
14:49:06;101,9;0,0;0,0;0,0;0,0;0,0;0,0;0,0;
14:49:07;102,0;0,0;0,0;0,0;0,0;0,0;0,0;0,0;
14:49:08;102,0;0,0;0,0;0,0;0,0;0,0;0,0;0,0;
14:49:09;102,0;0,0;0,0;0,0;0,0;0,0;0,0;0,0;
14:49:09;102,0;0,0;0,0;0,0;0,0;0,0;0,0;0,0;
14:49:10;102,0;0,0;0,0;0,0;0,0;0,0;0,0;0,0;
14:49:11;102,0;0,0;0,0;0,0;0,0;0,0;0,0;0,0;
14:49:12;102,0;0,0;0,0;0,0;0,0;0,0;0,0;0,0;
14:49:13;102,0;0,0;0,0;0,0;0,0;0,0;0,0;0,0;
14:49:14;102,0;0,0;0,0;0,0;0,0;0,0;0,0;0,0;
14:49:16;102,0;0,0;0,0;0,0;0,0;0,0;0,0;0,0;
14:49:17;102,0;0,0;0,0;0,0;0,0;0,0;0,0;0,0;
14:49:18;102,0;0,0;0,0;0,0;0,0;0,0;0,0;0,0;
14:49:19;102,1;0,0;0,0;0,0;0,0;0,0;0,0;0,0;
14:49:20;102,1;0,0;0,0;0,0;0,0;0,0;0,0;0,0;
14:49:21;102,1;0,0;0,0;0,0;0,0;0,0;0,0;0,0;
14:49:22;102,1;0,0;0,0;0,0;0,0;0,0;0,0;0,0;
14:49:23;102,1;0,0;0,0;0,0;0,0;0,0;0,0;0,0;
14:49:24;102,1;0,0;0,0;0,0;0,0;0,0;0,0;0,0;
14:49:25;102,1;0,0;0,0;0,0;0,0;0,0;0,0;0,0;
14:49:26;102,1;0,0;0,0;0,0;0,0;0,0;0,0;0,0;
14:49:27;102,1;0,0;0,0;0,0;0,0;0,0;0,0;0,0;
14:49:28;102,1;0,0;0,0;0,0;0,0;0,0;0,0;0,0;
14:49:29;102,1;0,0;0,0;0,0;0,0;0,0;0,0;0,0;
14:49:30;102,2;0,0;0,0;0,0;0,0;0,0;0,0;0,0;
14:49:31;102,2;0,0;0,0;0,0;0,0;0,0;0,0;0,0;
14:49:32;102,2;0,0;0,0;0,0;0,0;0,0;0,0;0,0;
14:49:33;102,2;0,0;0,0;0,0;0,0;0,0;0,0;0,0;
14:49:34;102,2;0,0;0,0;0,0;0,0;0,0;0,0;0,0;
14:49:35;102,2;0,0;0,0;0,0;0,0;0,0;0,0;0,0;
14:49:36;102,2;0,0;0,0;0,0;0,0;0,0;0,0;0,0;
14:49:37;102,2;0,0;0,0;0,0;0,0;0,0;0,0;0,0;
14:49:38;102,2;0,0;0,0;0,0;0,0;0,0;0,0;0,0;
14:49:39;102,2;0,0;0,0;0,0;0,0;0,0;0,0;0,0;
14:49:40;102,2;0,0;0,0;0,0;0,0;0,0;0,0;0,0;
14:49:41;102,2;0,0;0,0;0,0;0,0;0,0;0,0;0,0;
14:49:42;102,2;0,0;0,0;0,0;0,0;0,0;0,0;0,0;
14:49:43;102,2;0,0;0,0;0,0;0,0;0,0;0,0;0,0;
14:49:44;102,2;0,0;0,0;0,0;0,0;0,0;0,0;0,0;
14:49:45;102,2;0,0;0,0;0,0;0,0;0,0;0,0;0,0;
14:49:46;102,2;0,0;0,0;0,0;0,0;0,0;0,0;0,0;
14:49:47;102,2;0,0;0,0;0,0;0,0;0,0;0,0;0,0;
14:49:48;102,2;0,0;0,0;0,0;0,0;0,0;0,0;0,0;
14:49:49;102,2;0,0;0,0;0,0;0,0;0,0;0,0;0,0;
14:49:50;102,2;0,0;0,0;0,0;0,0;0,0;0,0;0,0;
14:49:51;102,2;0,0;0,0;0,0;0,0;0,0;0,0;0,0;
14:49:52;102,2;0,0;0,0;0,0;0,0;0,0;0,0;0,0;
14:49:53;102,2;0,0;0,0;0,0;0,0;0,0;0,0;0,0;
14:49:54;102,3;0,0;0,0;0,0;0,0;0,0;0,0;0,0;
14:49:55;102,2;0,0;0,0;0,0;0,0;0,0;0,0;0,0;
14:49:56;102,2;0,0;0,0;0,0;0,0;0,0;0,0;0,0;
14:49:57;102,2;0,0;0,0;0,0;0,0;0,0;0,0;0,0;
14:49:58;102,2;0,0;0,0;0,0;0,0;0,0;0,0;0,0;
14:49:59;102,2;0,0;0,0;0,0;0,0;0,0;0,0;0,0;
14:50:00;102,2;0,0;0,0;0,0;0,0;0,0;0,0;0,0;
14:50:01;102,3;0,0;0,0;0,0;0,0;0,0;0,0;0,0;
14:50:02;102,3;0,0;0,0;0,0;0,0;0,0;0,0;0,0;
14:50:03;102,2;0,0;0,0;0,0;0,0;0,0;0,0;0,0;
14:50:04;102,3;0,0;0,0;0,0;0,0;0,0;0,0;0,0;
14:50:05;102,3;0,0;0,0;0,0;0,0;0,0;0,0;0,0;
14:50:06;102,3;0,0;0,0;0,0;0,0;0,0;0,0;0,0;
14:50:07;102,3;0,0;0,0;0,0;0,0;0,0;0,0;0,0;
14:50:08;102,3;0,0;0,0;0,0;0,0;0,0;0,0;0,0;
14:50:09;102,3;0,0;0,0;0,0;0,0;0,0;0,0;0,0;
14:50:10;102,3;0,0;0,0;0,0;0,0;0,0;0,0;0,0;
14:50:11;102,3;0,0;0,0;0,0;0,0;0,0;0,0;0,0;
14:50:12;102,3;0,0;0,0;0,0;0,0;0,0;0,0;0,0;
14:50:13;102,3;0,0;0,0;0,0;0,0;0,0;0,0;0,0;
14:50:14;102,3;0,0;0,0;0,0;0,0;0,0;0,0;0,0;
14:50:15;102,3;0,0;0,0;0,0;0,0;0,0;0,0;0,0;
14:50:16;102,3;0,0;0,0;0,0;0,0;0,0;0,0;0,0;
14:50:17;102,3;0,0;0,0;0,0;0,0;0,0;0,0;0,0;
14:50:18;102,3;0,0;0,0;0,0;0,0;0,0;0,0;0,0;
14:50:19;102,3;0,0;0,0;0,0;0,0;0,0;0,0;0,0;
14:50:20;102,3;0,0;0,0;0,0;0,0;0,0;0,0;0,0;
14:50:21;102,3;0,0;0,0;0,0;0,0;0,0;0,0;0,0;
14:50:22;102,3;0,0;0,0;0,0;0,0;0,0;0,0;0,0;
14:50:23;102,2;0,0;0,0;0,0;0,0;0,0;0,0;0,0;
14:50:24;102,3;0,0;0,0;0,0;0,0;0,0;0,0;0,0;
14:50:26;102,3;0,0;0,0;0,0;0,0;0,0;0,0;0,0;
14:50:27;102,3;0,0;0,0;0,0;0,0;0,0;0,0;0,0;
14:50:28;102,2;0,0;0,0;0,0;0,0;0,0;0,0;0,0;
14:50:29;102,2;0,0;0,0;0,0;0,0;0,0;0,0;0,0;
14:50:30;102,3;0,0;0,0;0,0;0,0;0,0;0,0;0,0;
14:50:31;102,3;0,0;0,0;0,0;0,0;0,0;0,0;0,0;
14:50:32;102,2;0,0;0,0;0,0;0,0;0,0;0,0;0,0;
14:50:33;102,2;0,0;0,0;0,0;0,0;0,0;0,0;0,0;
14:50:34;102,2;0,0;0,0;0,0;0,0;0,0;0,0;0,0;
14:50:35;102,2;0,0;0,0;0,0;0,0;0,0;0,0;0,0;
14:50:36;102,2;0,0;0,0;0,0;0,0;0,0;0,0;0,0;
14:50:37;102,3;0,0;0,0;0,0;0,0;0,0;0,0;0,0;
14:50:38;102,2;0,0;0,0;0,0;0,0;0,0;0,0;0,0;
14:50:39;102,2;0,0;0,0;0,0;0,0;0,0;0,0;0,0;
14:50:40;102,2;0,0;0,0;0,0;0,0;0,0;0,0;0,0;
14:50:41;102,2;0,0;0,0;0,0;0,0;0,0;0,0;0,0;
14:50:42;102,2;0,0;0,0;0,0;0,0;0,0;0,0;0,0;
14:50:43;102,2;0,0;0,0;0,0;0,0;0,0;0,0;0,0;
14:50:44;102,2;0,0;0,0;0,0;0,0;0,0;0,0;0,0;
14:50:45;102,2;0,0;0,0;0,0;0,0;0,0;0,0;0,0;
14:50:46;102,2;0,0;0,0;0,0;0,0;0,0;0,0;0,0;
14:50:47;102,2;0,0;0,0;0,0;0,0;0,0;0,0;0,0;
14:50:48;102,2;0,0;0,0;0,0;0,0;0,0;0,0;0,0;
14:50:49;102,2;0,0;0,0;0,0;0,0;0,0;0,0;0,0;
14:50:50;102,2;0,0;0,0;0,0;0,0;0,0;0,0;0,0;
14:50:51;102,2;0,0;0,0;0,0;0,0;0,0;0,0;0,0;
14:50:52;102,2;0,0;0,0;0,0;0,0;0,0;0,0;0,0;
14:50:53;102,2;0,0;0,0;0,0;0,0;0,0;0,0;0,0;
14:50:54;102,2;0,0;0,0;0,0;0,0;0,0;0,0;0,0;
14:50:55;102,2;0,0;0,0;0,0;0,0;0,0;0,0;0,0;
14:50:56;102,2;0,0;0,0;0,0;0,0;0,0;0,0;0,0;
14:50:57;102,2;0,0;0,0;0,0;0,0;0,0;0,0;0,0;
14:50:58;102,2;0,0;0,0;0,0;0,0;0,0;0,0;0,0;
14:50:59;102,2;0,0;0,0;0,0;0,0;0,0;0,0;0,0;
14:51:00;102,2;0,0;0,0;0,0;0,0;0,0;0,0;0,0;
14:51:01;102,2;0,0;0,0;0,0;0,0;0,0;0,0;0,0;
14:51:02;102,2;0,0;0,0;0,0;0,0;0,0;0,0;0,0;
14:51:03;102,2;0,0;0,0;0,0;0,0;0,0;0,0;0,0;
14:51:04;102,2;0,0;0,0;0,0;0,0;0,0;0,0;0,0;
14:51:05;102,2;0,0;0,0;0,0;0,0;0,0;0,0;0,0;
14:51:06;102,2;0,0;0,0;0,0;0,0;0,0;0,0;0,0;
14:51:07;102,1;0,0;0,0;0,0;0,0;0,0;0,0;0,0;
14:51:08;102,2;0,0;0,0;0,0;0,0;0,0;0,0;0,0;
14:51:09;102,2;0,0;0,0;0,0;0,0;0,0;0,0;0,0;
14:51:10;102,2;0,0;0,0;0,0;0,0;0,0;0,0;0,0;
14:51:11;102,1;0,0;0,0;0,0;0,0;0,0;0,0;0,0;
14:51:12;102,1;0,0;0,0;0,0;0,0;0,0;0,0;0,0;
14:51:13;102,2;0,0;0,0;0,0;0,0;0,0;0,0;0,0;
14:51:14;102,1;0,0;0,0;0,0;0,0;0,0;0,0;0,0;
14:51:15;102,1;0,0;0,0;0,0;0,0;0,0;0,0;0,0;
14:51:16;102,1;0,0;0,0;0,0;0,0;0,0;0,0;0,0;
14:51:17;102,1;0,0;0,0;0,0;0,0;0,0;0,0;0,0;
14:51:18;102,1;0,0;0,0;0,0;0,0;0,0;0,0;0,0;
14:51:19;102,1;0,0;0,0;0,0;0,0;0,0;0,0;0,0;
14:51:20;102,1;0,0;0,0;0,0;0,0;0,0;0,0;0,0;
14:51:21;102,1;0,0;0,0;0,0;0,0;0,0;0,0;0,0;
14:51:22;102,1;0,0;0,0;0,0;0,0;0,0;0,0;0,0;
14:51:23;102,1;0,0;0,0;0,0;0,0;0,0;0,0;0,0;
14:51:24;102,1;0,0;0,0;0,0;0,0;0,0;0,0;0,0;
14:51:25;102,1;0,0;0,0;0,0;0,0;0,0;0,0;0,0;
14:51:27;102,1;0,0;0,0;0,0;0,0;0,0;0,0;0,0;
14:51:28;102,1;0,0;0,0;0,0;0,0;0,0;0,0;0,0;
14:51:29;102,1;0,0;0,0;0,0;0,0;0,0;0,0;0,0;
14:51:30;102,1;0,0;0,0;0,0;0,0;0,0;0,0;0,0;
14:51:31;102,1;0,0;0,0;0,0;0,0;0,0;0,0;0,0;
14:51:32;102,1;0,0;0,0;0,0;0,0;0,0;0,0;0,0;
14:51:33;102,1;0,0;0,0;0,0;0,0;0,0;0,0;0,0;
14:51:34;102,1;0,0;0,0;0,0;0,0;0,0;0,0;0,0;
14:51:35;102,1;0,0;0,0;0,0;0,0;0,0;0,0;0,0;
14:51:36;102,1;0,0;0,0;0,0;0,0;0,0;0,0;0,0;
14:51:37;102,1;0,0;0,0;0,0;0,0;0,0;0,0;0,0;
14:51:38;102,1;0,0;0,0;0,0;0,0;0,0;0,0;0,0;
14:51:39;102,1;0,0;0,0;0,0;0,0;0,0;0,0;0,0;
14:51:40;102,0;0,0;0,0;0,0;0,0;0,0;0,0;0,0;
14:51:41;102,1;0,0;0,0;0,0;0,0;0,0;0,0;0,0;
14:51:42;102,1;0,0;0,0;0,0;0,0;0,0;0,0;0,0;
14:51:43;102,0;0,0;0,0;0,0;0,0;0,0;0,0;0,0;
14:51:44;102,0;0,0;0,0;0,0;0,0;0,0;0,0;0,0;
14:51:45;102,0;0,0;0,0;0,0;0,0;0,0;0,0;0,0;
14:51:46;102,0;0,0;0,0;0,0;0,0;0,0;0,0;0,0;
14:51:47;102,0;0,0;0,0;0,0;0,0;0,0;0,0;0,0;
14:51:48;102,0;0,0;0,0;0,0;0,0;0,0;0,0;0,0;
14:51:49;102,0;0,0;0,0;0,0;0,0;0,0;0,0;0,0;
14:51:50;102,0;0,0;0,0;0,0;0,0;0,0;0,0;0,0;
14:51:51;102,0;0,0;0,0;0,0;0,0;0,0;0,0;0,0;
14:51:52;102,0;0,0;0,0;0,0;0,0;0,0;0,0;0,0;
14:51:53;102,0;0,0;0,0;0,0;0,0;0,0;0,0;0,0;
14:51:54;102,0;0,0;0,0;0,0;0,0;0,0;0,0;0,0;
14:51:55;102,0;0,0;0,0;0,0;0,0;0,0;0,0;0,0;
14:51:56;102,0;0,0;0,0;0,0;0,0;0,0;0,0;0,0;
14:51:57;102,0;0,0;0,0;0,0;0,0;0,0;0,0;0,0;
14:51:58;102,0;0,0;0,0;0,0;0,0;0,0;0,0;0,0;
14:51:59;102,0;0,0;0,0;0,0;0,0;0,0;0,0;0,0;
14:52:00;102,0;0,0;0,0;0,0;0,0;0,0;0,0;0,0;
14:52:01;102,0;0,0;0,0;0,0;0,0;0,0;0,0;0,0;
14:52:02;102,0;0,0;0,0;0,0;0,0;0,0;0,0;0,0;
14:52:03;102,0;8,1;0,0;0,0;0,0;0,0;0,0;0,0;
14:52:04;102,0;6,0;0,0;0,0;0,0;0,0;0,0;0,0;
14:52:05;101,9;2,8;0,0;0,0;0,0;0,0;0,0;0,0;
14:52:06;101,9;4,3;0,0;0,0;0,0;0,0;0,0;0,0;
14:52:07;101,9;4,0;0,0;0,0;0,0;0,0;0,0;0,0;
14:52:08;102,0;4,1;0,0;0,0;0,0;0,0;0,0;0,0;
14:52:09;101,9;4,1;0,0;0,0;0,0;0,0;0,0;0,0;
14:52:10;101,9;4,0;0,0;0,0;0,0;0,0;0,0;0,2;
14:52:11;101,9;4,0;0,0;0,0;0,0;0,0;0,0;0,2;
14:52:12;101,9;4,0;0,0;0,0;0,0;0,0;0,0;0,2;
14:52:13;101,9;4,0;0,0;0,0;0,0;0,0;0,0;0,2;
14:52:14;101,9;4,0;0,0;0,0;0,0;0,0;0,0;0,8;
14:52:15;101,9;4,0;0,0;0,0;0,0;0,0;0,0;1,0;
14:52:16;101,8;4,0;0,0;0,0;0,0;0,0;0,0;1,0;
14:52:17;101,9;4,1;0,0;0,0;101;0;0,0;1,0;
14:52:18;106,5;4,0;0,0;0,0;101;0;0,0;1,0;
14:52:19;114,2;4,2;0,0;0,0;101;0;0,0;1,0;
14:52:20;115,2;4,0;0,0;0,0;101;0;0,0;1,0;
14:52:21;118,6;4,1;0,0;0,0;101;0;0,0;1,0;
14:52:22;119,1;4,0;0,0;0,0;101;0;0,0;0,9;
14:52:24;119,8;4,0;0,0;0,0;101;0;0,0;1,0;
14:52:25;120,2;4,0;0,0;0,0;100;0;0,0;1,0;
14:52:25;120,8;4,0;0,0;0,0;101;0;0,0;1,0;
14:52:26;121,1;4,0;0,0;0,0;100;0;0,0;1,0;
14:52:27;121,5;4,0;0,0;0,0;100;0;0,0;1,0;
14:52:28;121,7;4,0;0,0;0,0;100;0;0,0;1,0;
14:52:29;122,2;4,0;0,0;0,0;101;0;0,0;1,0;
14:52:30;122,5;4,0;0,0;0,0;101;0;0,0;1,0;
14:52:31;122,6;4,0;0,0;0,0;101;0;0,0;1,0;
14:52:32;122,7;4,0;0,0;0,0;101;0;0,0;1,0;
14:52:33;122,9;4,0;0,0;0,0;100;0;0,0;1,0;
14:52:34;123,0;4,0;0,0;0,0;101;0;0,0;1,0;
14:52:35;123,1;4,0;0,0;0,0;100;0;0,0;1,0;
14:52:36;123,2;4,0;0,0;0,0;101;0;0,0;1,0;
14:52:37;123,4;4,0;0,0;0,0;101;0;0,0;1,0;
14:52:38;123,4;4,0;0,0;0,0;101;0;0,0;1,0;
14:52:39;123,5;4,0;0,0;0,0;101;1;0,0;1,0;
14:52:40;123,5;4,0;0,0;0,0;101;0;0,0;1,0;
14:52:41;123,7;4,0;0,0;0,0;100;0;0,0;1,0;
14:52:42;123,8;4,0;0,0;0,0;101;0;0,0;1,0;
14:52:43;123,9;4,0;0,0;0,0;101;0;0,0;1,0;
14:52:44;123,9;4,0;0,0;0,0;101;0;0,0;1,0;
14:52:45;123,9;4,0;0,0;0,0;101;0;0,0;1,0;
14:52:46;124,1;4,0;0,0;0,0;101;0;0,0;1,0;
14:52:47;124,1;4,0;0,0;0,0;101;0;0,0;1,0;
14:52:48;124,2;4,0;0,0;0,0;100;0;0,0;1,0;
14:52:49;124,2;4,0;0,0;0,0;101;0;0,0;1,0;
14:52:50;124,3;4,0;0,0;0,0;101;0;0,0;1,0;
14:52:51;124,4;4,0;0,0;0,0;101;0;0,0;1,0;
14:52:52;124,2;4,0;0,0;0,0;101;0;0,0;1,0;
14:52:53;124,2;4,0;0,0;0,0;101;0;0,0;1,0;
14:52:54;124,2;4,0;0,0;0,0;100;0;0,0;1,0;
14:52:56;124,3;4,0;0,0;0,0;100;0;0,0;1,0;
14:52:57;124,3;4,0;0,0;0,0;101;0;0,0;1,0;
14:52:58;124,3;4,0;0,0;0,0;101;0;0,0;1,0;
14:52:59;124,3;4,0;0,0;0,0;101;0;0,0;1,0;
14:53:00;124,4;4,0;0,0;0,0;101;0;0,0;1,0;
14:53:01;124,4;4,0;0,0;0,0;101;0;0,0;1,0;
14:53:02;124,5;4,0;0,0;0,0;101;0;0,0;1,0;
14:53:03;124,5;4,0;0,0;0,0;100;0;0,0;1,0;
14:53:04;124,5;4,0;0,0;0,0;101;0;0,0;1,0;
14:53:05;124,6;4,0;0,0;0,0;101;0;0,0;1,0;
14:53:06;124,6;4,0;0,0;0,0;101;0;0,0;1,0;
14:53:07;124,6;4,0;0,0;0,0;100;0;0,0;1,0;
14:53:08;124,6;4,0;0,0;0,0;101;0;0,0;1,0;
14:53:09;124,7;4,0;0,0;0,0;101;0;0,0;1,0;
14:53:10;124,7;4,0;0,0;0,0;101;0;0,0;1,0;
14:53:11;124,7;4,0;0,0;0,0;100;0;0,0;1,0;
14:53:12;124,7;4,0;0,0;0,0;100;0;0,0;1,0;
14:53:13;124,7;4,0;0,0;0,0;101;0;0,0;1,0;
14:53:14;124,7;4,0;0,0;0,0;101;0;0,0;1,0;
14:53:15;124,7;4,0;0,0;0,0;101;0;0,0;1,0;
14:53:16;124,7;4,0;0,0;0,0;101;0;0,0;1,0;
14:53:17;124,7;4,0;0,0;0,0;101;0;0,0;1,0;
14:53:18;124,7;4,0;0,0;0,0;101;0;0,0;1,0;
14:53:19;124,8;4,0;0,0;0,0;100;0;0,0;1,0;
14:53:20;124,7;4,0;0,0;0,0;101;0;0,0;1,0;
14:53:21;124,8;0,0;0,0;0,0;0,0;0,0;0,0;0,0;
14:53:22;126,9;0,0;0,0;0,0;0,0;0,0;0,0;0,0;
14:53:23;111,4;0,0;0,0;0,0;0,0;0,0;0,0;0,0;
14:53:24;109,8;0,0;0,0;0,0;0,0;0,0;0,0;0,0;
14:53:25;108,3;0,0;0,0;0,0;0,0;0,0;0,0;0,0;
14:53:26;107,8;0,0;0,0;0,0;0,0;0,0;0,0;0,0;
14:53:27;107,1;0,0;0,0;0,0;0,0;0,0;0,0;0,0;
14:53:28;106,9;0,0;0,0;0,0;0,0;0,0;0,0;0,0;
14:53:29;106,4;0,0;0,0;0,0;0,0;0,0;0,0;0,0;
14:53:30;106,0;0,0;0,0;0,0;0,0;0,0;0,0;0,0;
14:53:31;105,8;0,0;0,0;0,0;0,0;0,0;0,0;0,0;
14:53:32;105,5;0,0;0,0;0,0;0,0;0,0;0,0;0,0;
14:53:33;105,4;0,0;0,0;0,0;0,0;0,0;0,0;0,0;
14:53:34;105,2;0,0;0,0;0,0;0,0;0,0;0,0;0,0;
14:53:36;105,1;0,0;0,0;0,0;0,0;0,0;0,0;0,0;
14:53:37;105,0;0,0;0,0;0,0;0,0;0,0;0,0;0,0;
14:53:38;104,9;0,0;0,0;0,0;0,0;0,0;0,0;0,0;
14:53:39;104,9;0,0;0,0;0,0;0,0;0,0;0,0;0,0;
14:53:39;104,7;0,0;0,0;0,0;0,0;0,0;0,0;0,0;
14:53:40;104,7;0,0;0,0;0,0;0,0;0,0;0,0;0,0;
14:53:41;104,5;0,0;0,0;0,0;0,0;0,0;0,0;0,0;
14:53:42;104,4;0,0;0,0;0,0;0,0;0,0;0,0;0,0;
14:53:43;104,4;0,0;0,0;0,0;0,0;0,0;0,0;0,0;
14:53:44;104,2;0,0;0,0;0,0;0,0;0,0;0,0;0,0;
14:53:45;104,2;1,8;0,0;0,0;0,0;0,0;0,0;0,0;
14:53:46;104,2;4,1;0,0;0,0;0,0;0,0;0,0;0,0;
14:53:47;104,1;4,1;0,0;0,0;0,0;0,0;0,0;0,0;
14:53:48;104,1;4,1;0,0;0,0;0,0;0,0;0,0;0,0;
14:53:49;104,1;4,1;0,0;0,0;0,0;0,0;0,0;0,0;
14:53:50;104,0;4,1;0,0;0,0;0,0;0,0;0,0;0,2;
14:53:51;104,0;4,1;0,0;0,0;0,0;0,0;0,0;0,2;
14:53:52;103,9;4,0;0,0;0,0;0,0;0,0;0,0;0,2;
14:53:53;103,9;4,0;0,0;0,0;0,0;0,0;0,0;0,4;
14:53:54;103,8;4,0;0,0;0,0;0,0;0,0;0,0;0,9;
14:53:55;103,8;4,0;0,0;0,0;0,0;0,0;0,0;1,0;
14:53:57;103,7;4,0;0,0;0,0;0,0;0,0;0;1,0;
14:53:58;103,7;4,0;0,0;0,0;0,0;0,0;0;1,0;
14:53:59;103,7;4,0;0,0;0,0;0,0;0,0;0;1,0;
14:54:00;103,9;4,0;0,0;0,0;0,0;0,0;0;1,0;
14:54:01;104,0;4,0;0,0;0,0;0,0;0,0;0;1,0;
14:54:02;104,0;4,0;0,0;0,0;0,0;0,0;0;1,0;
14:54:03;104,0;4,0;0,0;0,0;0,0;0,0;0;1,0;
14:54:04;104,0;4,0;0,0;0,0;0,0;0,0;0;1,0;
14:54:05;104,0;4,0;0,0;0,0;0,0;0,0;0;1,0;
14:54:06;104,0;4,0;0,0;0,0;0,0;0,0;0;1,0;
14:54:07;104,0;4,0;0,0;0,0;0,0;0,0;0;1,0;
14:54:08;104,0;4,0;0,0;0,0;0,0;0,0;0;1,0;
14:54:09;104,0;4,0;0,0;0,0;0,0;0,0;0;1,0;
14:54:10;104,0;4,0;0,0;0,0;0,0;0,0;0;1,0;
14:54:11;104,0;4,0;0,0;0,0;0,0;0,0;0;1,0;
14:54:12;104,0;4,0;0,0;0,0;0,0;0,0;0;1,0;
14:54:13;104,0;4,0;0,0;0,0;0,0;0,0;0;1,0;
14:54:14;104,0;4,0;0,0;0,0;0,0;0,0;0;1,0;
14:54:15;104,0;4,0;0,0;0,0;0,0;0,0;0;1,0;
14:54:16;104,0;4,0;0,0;0,0;0,0;0,0;0;1,0;
14:54:17;104,0;4,0;0,0;0,0;0,0;0,0;0;1,0;
14:54:18;104,0;4,0;0,0;0,0;0,0;0,0;0;1,0;
14:54:19;104,0;4,0;0,0;0,0;0,0;0,0;0;1,0;
14:54:20;104,0;4,0;0,0;0,0;0,0;0,0;0;1,0;
14:54:21;104,0;4,0;0,0;0,0;0,0;0,0;0;1,0;
14:54:22;104,0;4,0;0,0;0,0;0,0;0,0;0;1,0;
14:54:23;104,0;4,0;0,0;0,0;0,0;0,0;0;1,0;
14:54:24;104,0;4,0;0,0;0,0;0,0;0,0;0;1,0;
14:54:25;104,0;4,0;0,0;0,0;0,0;0,0;0;1,0;
14:54:26;104,0;4,0;0,0;0,0;0,0;0,0;0;1,0;
14:54:27;104,0;4,0;0,0;0,0;0,0;0,0;0;1,0;
14:54:28;104,0;4,0;0,0;0,0;0,0;0,0;0;1,0;
14:54:29;104,0;4,0;0,0;0,0;0,0;0,0;0;1,0;
14:54:30;104,0;4,0;0,0;0,0;0,0;0,0;0;1,0;
14:54:31;104,0;4,0;0,0;0,0;0,0;0,0;0;1,0;
14:54:32;104,0;4,0;0,0;0,0;0,0;0,0;0;1,0;
14:54:33;104,0;4,0;0,0;0,0;0,0;0,0;0;1,0;
14:54:34;104,0;4,0;0,0;0,0;0,0;0,0;0;1,0;
14:54:35;104,0;4,0;0,0;0,0;0,0;0,0;0;1,0;
14:54:36;104,0;4,0;0,0;0,0;0,0;0,0;0;1,0;
14:54:37;104,0;4,0;0,0;0,0;0,0;0,0;0;1,0;
14:54:38;104,0;4,0;0,0;0,0;0,0;0,0;0;1,0;
14:54:39;104,0;4,0;0,0;0,0;0,0;0,0;0;1,0;
14:54:40;104,0;4,0;0,0;0,0;0,0;0,0;0;1,0;
14:54:41;104,0;4,0;0,0;0,0;0,0;0,0;0;1,0;
14:54:42;104,0;4,0;0,0;0,0;0,0;0,0;0;1,0;
14:54:43;104,0;4,0;0,0;0,0;0,0;0,0;0;1,0;
14:54:44;104,0;4,0;0,0;0,0;0,0;0,0;0;1,0;
14:54:45;104,0;4,0;0,0;0,0;0,0;0,0;0;1,0;
14:54:46;104,0;4,0;0,0;0,0;0,0;0,0;0;1,0;
14:54:47;104,0;4,0;0,0;0,0;0,0;0,0;0;1,0;
14:54:48;104,0;4,0;0,0;0,0;0,0;0,0;0;1,0;
14:54:49;104,0;4,0;0,0;0,0;0,0;0,0;0;1,0;
14:54:50;104,0;4,0;0,0;0,0;0,0;0,0;0;1,0;
14:54:51;104,0;4,0;0,0;0,0;0,0;0,0;0;1,0;
14:54:52;104,0;4,0;0,0;0,0;0,0;0,0;0;1,0;
14:54:54;104,0;4,0;0,0;0,0;0,0;0,0;0;1,0;
14:54:55;104,0;4,0;0,0;0,0;0,0;0,0;0;1,0;
14:54:56;104,0;4,0;0,0;0,0;0,0;0,0;0;1,0;
14:54:57;104,0;4,0;0,0;0,0;0,0;0,0;0;1,0;
14:54:58;104,0;4,0;0,0;0,0;0,0;0,0;0;1,0;
14:54:59;104,0;4,0;0,0;0,0;0,0;0,0;0;1,0;
14:55:00;104,0;4,0;0,0;0,0;0,0;0,0;0;1,0;
14:55:01;104,0;4,0;0,0;0,0;0,0;0,0;0;1,0;
14:55:01;104,0;4,0;0,0;0,0;0,0;0,0;0;1,0;
14:55:02;104,0;4,0;0,0;0,0;0,0;0,0;0;1,0;
14:55:03;104,0;4,0;0,0;0,0;0,0;0,0;0;1,0;
14:55:04;104,0;4,0;0,0;0,0;0,0;0,0;0;1,0;
14:55:05;104,0;4,0;0,0;0,0;0,0;0,0;0;1,0;
14:55:06;104,0;4,0;0,0;0,0;0,0;0,0;0;1,0;
14:55:07;104,0;4,0;0,0;0,0;0,0;0,0;0;1,0;
14:55:08;104,0;4,0;0,0;0,0;0,0;0,0;0;1,0;
14:55:09;104,0;4,0;0,0;0,0;0,0;0,0;0;1,0;
14:55:10;104,0;4,0;0,0;0,0;0,0;0,0;0;1,0;
14:55:11;104,0;4,0;0,0;0,0;0,0;0,0;0;1,0;
14:55:12;104,0;4,0;0,0;0,0;0,0;0,0;0;1,0;
14:55:13;104,0;4,0;0,0;0,0;0,0;0,0;0;1,0;
14:55:14;104,0;4,0;0,0;0,0;0,0;0,0;0;1,0;
14:55:15;104,0;4,0;0,0;0,0;0,0;0,0;0;1,0;
14:55:16;104,0;4,0;0,0;0,0;0,0;0,0;0;1,0;
14:55:17;104,0;4,0;0,0;0,0;0,0;0,0;0;1,0;
14:55:18;104,0;4,0;0,0;0,0;0,0;0,0;0;1,0;
14:55:19;104,0;4,0;0,0;0,0;0,0;0,0;0;1,0;
14:55:20;104,0;4,0;0,0;0,0;0,0;0,0;0;1,0;
14:55:22;104,0;4,0;0,0;0,0;0,0;0,0;0;1,0;
14:55:23;104,0;4,0;0,0;0,0;0,0;0,0;0;1,0;
14:55:24;104,0;4,0;0,0;0,0;0,0;0,0;0;1,0;
14:55:25;104,0;4,0;0,0;0,0;0,0;0,0;0;1,0;
14:55:26;104,0;4,0;0,0;0,0;0,0;0,0;0;1,0;
14:55:27;104,0;4,0;0,0;0,0;0,0;0,0;0;1,0;
14:55:28;104,0;4,0;0,0;0,0;0,0;0,0;0;1,0;
14:55:29;104,0;4,0;0,0;0,0;0,0;0,0;0;1,0;
14:55:30;104,0;4,0;0,0;0,0;0,0;0,0;0;1,0;
14:55:31;104,0;4,0;0,0;0,0;0,0;0,0;0;1,0;
14:55:32;104,0;4,0;0,0;0,0;0,0;0,0;0;1,0;
14:55:33;104,0;4,0;0,0;0,0;0,0;0,0;0;1,0;
14:55:34;104,0;4,0;0,0;0,0;0,0;0,0;0;1,0;
14:55:35;104,0;4,0;0,0;0,0;0,0;0,0;0;1,0;
14:55:36;104,0;4,0;0,0;0,0;0,0;0,0;0;1,0;
14:55:37;104,0;4,0;0,0;0,0;0,0;0,0;0;1,0;
14:55:38;104,0;4,0;0,0;0,0;0,0;0,0;0;1,0;
14:55:39;104,0;4,0;0,0;0,0;0,0;0,0;0;1,0;
14:55:40;104,0;4,0;0,0;0,0;0,0;0,0;0;1,0;
14:55:41;104,0;4,0;0,0;0,0;0,0;0,0;0;1,0;
14:55:42;104,0;4,0;0,0;0,0;0,0;0,0;0;1,0;
14:55:43;104,0;4,0;0,0;0,0;0,0;0,0;0;1,0;
14:55:44;104,0;4,0;0,0;0,0;0,0;0,0;0;1,0;
14:55:45;104,0;4,0;0,0;0,0;0,0;0,0;0;1,0;
14:55:46;104,0;4,0;0,0;0,0;0,0;0,0;0;1,0;
14:55:47;104,0;4,0;0,0;0,0;0,0;0,0;0;1,0;
14:55:48;104,0;4,0;0,0;0,0;0,0;0,0;0;1,0;
14:55:49;104,0;4,0;0,0;0,0;0,0;0,0;0;1,0;
14:55:50;104,0;4,0;0,0;0,0;0,0;0,0;0;1,0;
14:55:51;104,0;4,0;0,0;0,0;0,0;0,0;0;1,0;
14:55:52;104,0;4,0;0,0;0,0;0,0;0,0;0;1,0;
14:55:53;104,0;4,0;0,0;0,0;0,0;0,0;0;1,0;
14:55:54;104,0;4,0;0,0;0,0;0,0;0,0;0;1,0;
14:55:55;104,0;4,0;0,0;0,0;0,0;0,0;0;1,0;
14:55:56;104,0;4,0;0,0;0,0;0,0;0,0;0;1,0;
14:55:57;104,0;4,0;0,0;0,0;0,0;0,0;0;1,0;
14:55:58;104,0;4,0;0,0;0,0;0,0;0,0;0;1,0;
14:55:59;104,0;4,0;0,0;0,0;0,0;0,0;0;1,0;
14:56:00;104,0;4,0;0,0;0,0;0,0;0,0;0;1,0;
14:56:01;104,0;4,0;0,0;0,0;0,0;0,0;0;1,0;
14:56:02;104,0;4,0;0,0;0,0;0,0;0,0;0;1,0;
14:56:03;104,0;4,0;0,0;0,0;0,0;0,0;0;1,0;
14:56:04;104,0;4,0;0,0;0,0;0,0;0,0;0;1,0;
14:56:05;102,0;4,0;0,0;0,0;0,0;0,0;0;1,0;
14:56:06;102,1;4,0;0,0;0,0;0,0;0,0;0;1,0;
14:56:08;102,2;4,0;0,0;0,0;0,0;0,0;0;1,0;
14:56:09;102,1;4,0;0,0;0,0;0,0;0,0;0;1,0;
14:56:10;102,1;4,0;0,0;0,0;0,0;0,0;0;1,0;
14:56:11;102,1;4,0;0,0;0,0;0,0;0,0;0;1,0;
14:56:12;102,1;4,0;0,0;0,0;0,0;0,0;0;1,0;
14:56:13;102,0;4,0;0,0;0,0;0,0;0,0;0;1,0;
14:56:14;102,0;4,0;0,0;0,0;0,0;0,0;0;1,0;
14:56:15;102,1;4,0;0,0;0,0;0,0;0,0;0;1,0;
14:56:16;102,0;4,0;0,0;0,0;0,0;0,0;0;1,0;
14:56:17;102,0;4,0;0,0;0,0;0,0;0,0;0;1,0;
14:56:17;102,0;4,0;0,0;0,0;0,0;0,0;0;1,0;
14:56:18;102,0;4,0;0,0;0,0;0,0;0,0;0;1,0;
14:56:19;102,0;4,0;0,0;0,0;0,0;0,0;0;1,0;
14:56:20;102,1;4,0;0,0;0,0;0,0;0,0;0;1,0;
14:56:21;102,0;4,0;0,0;0,0;0,0;0,0;0;1,0;
14:56:22;102,0;4,0;0,0;0,0;0,0;0,0;0;1,0;
14:56:23;102,1;4,0;0,0;0,0;0,0;0,0;0;1,0;
14:56:24;102,1;4,0;0,0;0,0;0,0;0,0;0;1,0;
14:56:25;102,0;4,0;0,0;0,0;0,0;0,0;0;1,0;
14:56:26;102,0;4,0;0,0;0,0;0,0;0,0;0;1,0;
14:56:28;102,0;4,0;0,0;0,0;0,0;0,0;0;1,0;
14:56:29;102,0;4,0;0,0;0,0;0,0;0,0;0;1,0;
14:56:30;102,0;4,0;0,0;0,0;0,0;0,0;0;1,0;
14:56:31;101,9;4,0;0,0;0,0;0,0;0,0;0;1,0;
14:56:32;101,9;4,0;0,0;0,0;0,0;0,0;0;1,0;
14:56:33;102,0;4,0;0,0;0,0;0,0;0,0;0;1,0;
14:56:34;102,0;4,0;0,0;0,0;0,0;0,0;0;1,0;
14:56:35;101,9;4,0;0,0;0,0;0,0;0,0;0;1,0;
14:56:36;101,9;4,0;0,0;0,0;0,0;0,0;0;1,0;
14:56:37;101,9;4,0;0,0;0,0;0,0;0,0;0;1,0;
14:56:38;101,8;4,0;0,0;0,0;0,0;0,0;0;1,0;
14:56:39;101,9;4,0;0,0;0,0;0,0;0,0;0;1,0;
14:56:40;101,9;4,0;0,0;0,0;0,0;0,0;0;1,0;
14:56:41;101,8;4,0;0,0;0,0;0,0;0,0;0;1,0;
14:56:42;101,8;4,0;0,0;0,0;0,0;0,0;0;1,0;
14:56:43;101,8;4,0;0,0;0,0;0,0;0,0;0;1,0;
14:56:44;101,8;4,0;0,0;0,0;0,0;0,0;0;1,0;
14:56:45;101,8;4,0;0,0;0,0;0,0;0,0;0;1,0;
14:56:46;101,8;4,0;0,0;0,0;0,0;0,0;0;1,0;
14:56:47;101,8;4,0;0,0;0,0;0,0;0,0;0;1,0;
14:56:48;101,8;4,0;0,0;0,0;0,0;0,0;0;1,0;
14:56:49;101,8;4,0;0,0;0,0;0,0;0,0;0;1,0;
14:56:50;101,8;4,0;0,0;0,0;0,0;0,0;0;1,0;
14:56:51;101,8;4,0;0,0;0,0;0,0;0,0;0;1,0;
14:56:52;101,8;4,0;0,0;0,0;0,0;0,0;0;1,0;
14:56:53;101,8;4,0;0,0;0,0;0,0;0,0;0;1,0;
14:56:54;101,8;4,0;0,0;0,0;0,0;0,0;0;1,0;
14:56:55;101,8;4,0;0,0;0,0;0,0;0,0;0;1,0;
14:56:56;101,8;4,0;0,0;0,0;0,0;0,0;0;1,0;
14:56:57;101,8;4,0;0,0;0,0;0,0;0,0;0;1,0;
14:56:58;101,8;4,0;0,0;0,0;0,0;0,0;0;1,0;
14:56:59;101,8;4,0;0,0;0,0;0,0;0,0;0;1,0;
14:57:00;101,8;4,0;0,0;0,0;0,0;0,0;0;1,0;
14:57:01;101,8;4,0;0,0;0,0;0,0;0,0;0;1,0;
14:57:02;101,8;4,0;0,0;0,0;0,0;0,0;0;1,0;
14:57:03;101,8;4,0;0,0;0,0;0,0;0,0;0;1,0;
14:57:04;101,8;4,0;0,0;0,0;0,0;0,0;0;1,0;
14:57:05;101,8;4,0;0,0;0,0;0,0;0,0;0;1,0;
14:57:06;101,8;4,0;0,0;0,0;0,0;0,0;0;1,0;
14:57:07;101,8;4,0;0,0;0,0;0,0;0,0;0;1,0;
14:57:08;101,8;4,0;0,0;0,0;0,0;0,0;0;1,0;
14:57:09;101,8;4,0;0,0;0,0;0,0;0,0;0;1,0;
14:57:10;101,8;4,0;0,0;0,0;0,0;0,0;0;1,0;
14:57:11;101,8;4,0;0,0;0,0;0,0;0,0;0;1,0;
14:57:12;101,8;4,0;0,0;0,0;0,0;0,0;0;1,0;
14:57:13;101,8;4,0;0,0;0,0;0,0;0,0;0;1,0;
14:57:14;101,8;4,0;0,0;0,0;0,0;0,0;0;1,0;
14:57:15;101,8;4,0;0,0;0,0;0,0;0,0;0;1,0;
14:57:16;101,8;4,0;0,0;0,0;0,0;0,0;0;1,0;
14:57:17;101,8;4,0;0,0;0,0;0,0;0,0;0;1,0;
14:57:18;101,8;4,0;0,0;0,0;0,0;0,0;0;1,0;
14:57:19;101,8;4,0;0,0;0,0;0,0;0,0;0;1,0;
14:57:20;101,8;4,0;0,0;0,0;0,0;0,0;0;1,0;
14:57:21;101,8;4,0;0,0;0,0;0,0;0,0;0;1,0;
14:57:22;101,8;4,0;0,0;0,0;0,0;0,0;0;1,0;
14:57:24;101,8;4,0;0,0;0,0;0,0;0,0;0;1,0;
14:57:25;101,8;4,0;0,0;0,0;0,0;0,0;0;1,0;
14:57:26;101,8;4,0;0,0;0,0;0,0;0,0;0;1,0;
14:57:27;101,8;4,0;0,0;0,0;0,0;0,0;0;1,0;
14:57:28;101,8;4,0;0,0;0,0;0,0;0,0;0;1,0;
14:57:29;101,8;4,0;0,0;0,0;0,0;0,0;0;1,0;
14:57:30;101,8;4,0;0,0;0,0;0,0;0,0;0;1,0;
14:57:31;101,8;4,0;0,0;0,0;0,0;0,0;0;1,0;
14:57:32;101,8;4,0;0,0;0,0;0,0;0,0;0;1,0;
14:57:33;101,8;4,0;0,0;0,0;0,0;0,0;0;1,0;
14:57:34;101,8;4,0;0,0;0,0;0,0;0,0;0;1,0;
14:57:35;101,8;4,0;0,0;0,0;0,0;0,0;0;1,0;
14:57:36;101,8;4,0;0,0;0,0;0,0;0,0;0;1,0;
14:57:37;101,8;4,0;0,0;0,0;0,0;0,0;0;1,0;
14:57:37;101,8;4,0;0,0;0,0;0,0;0,0;0;1,0;
14:57:38;101,8;4,0;0,0;0,0;0,0;0,0;0;1,0;
14:57:39;101,8;4,0;0,0;0,0;0,0;0,0;0;1,0;
14:57:40;101,8;4,0;0,0;0,0;0,0;0,0;0;1,0;
14:57:41;101,8;4,0;0,0;0,0;0,0;0,0;0;1,0;
14:57:42;101,8;4,0;0,0;0,0;0,0;0,0;0;1,0;
14:57:43;101,8;4,0;0,0;0,0;0,0;0,0;0;1,0;
14:57:44;101,8;4,0;0,0;0,0;0,0;0,0;0;1,0;
14:57:45;101,8;4,0;0,0;0,0;0,0;0,0;0;1,0;
14:57:47;101,8;4,0;0,0;0,0;0,0;0,0;0;1,0;
14:57:48;101,8;4,0;0,0;0,0;0,0;0,0;0;1,0;
14:57:49;101,8;4,0;0,0;0,0;0,0;0,0;0;1,0;
14:57:50;101,8;4,0;0,0;0,0;0,0;0,0;0;1,0;
14:57:51;101,8;4,0;0,0;0,0;0,0;0,0;0;1,0;
14:57:52;101,8;4,0;0,0;0,0;0,0;0,0;0;1,0;
14:57:53;101,8;4,0;0,0;0,0;0,0;0,0;0;1,0;
14:57:54;101,8;4,0;0,0;0,0;0,0;0,0;0;1,0;
16:21:57;103,2;0,0;0,0;0,0;0,0;0,0;0,0;0,0;
16:21:58;103,2;0,0;0,0;0,0;0,0;0,0;0,0;0,0;
16:21:59;103,2;0,0;0,0;0,0;0,0;0,0;0,0;0,0;
16:22:00;103,2;0,0;0,0;0,0;0,0;0,0;0,0;0,0;
16:22:01;103,1;0,0;0,0;0,0;0,0;0,0;0,0;0,0;
16:22:02;103,1;0,0;0,0;0,0;0,0;0,0;0,0;0,0;
16:22:03;103,2;0,0;0,0;0,0;0,0;0,0;0,0;0,0;
16:22:04;103,2;0,0;0,0;0,0;0,0;0,0;0,0;0,0;
16:22:05;103,2;0,0;0,0;0,0;0,0;0,0;0,0;0,0;
16:22:06;103,2;0,0;0,0;0,0;0,0;0,0;0,0;0,0;
16:22:07;103,2;0,0;0,0;0,0;0,0;0,0;0,0;0,0;
16:22:08;103,2;0,0;0,0;0,0;0,0;0,0;0,0;0,0;
16:22:09;103,1;0,0;0,0;0,0;0,0;0,0;0,0;0,0;
16:22:10;103,1;0,0;0,0;0,0;0,0;0,0;0,0;0,0;
16:22:11;103,1;0,0;0,0;0,0;0,0;0,0;0,0;0,0;
16:22:12;103,1;0,0;0,0;0,0;0,0;0,0;0,0;0,0;
16:22:13;103,1;0,0;0,0;0,0;0,0;0,0;0,0;0,0;
16:22:14;103,1;0,0;0,0;0,0;0,0;0,0;0,0;0,0;
16:22:15;103,1;0,0;0,0;0,0;0,0;0,0;0,0;0,0;
16:22:16;103,1;0,0;0,0;0,0;0,0;0,0;0,0;0,0;
16:22:17;103,1;0,0;0,0;0,0;0,0;0,0;0,0;0,0;
16:22:18;103,1;0,0;0,0;0,0;0,0;0,0;0,0;0,0;
16:22:19;103,1;0,0;0,0;0,0;0,0;0,0;0,0;0,0;
16:22:20;103,1;0,0;0,0;0,0;0,0;0,0;0,0;0,0;
16:22:21;103,1;0,0;0,0;0,0;0,0;0,0;0,0;0,0;
16:22:22;103,1;0,0;0,0;0,0;0,0;0,0;0,0;0,0;
16:22:23;103,1;0,0;0,0;0,0;0,0;0,0;0,0;0,0;
16:22:24;103,1;0,0;0,0;0,0;0,0;0,0;0,0;0,0;
16:22:25;103,1;0,0;0,0;0,0;0,0;0,0;0,0;0,0;
16:22:26;103,1;0,0;0,0;0,0;0,0;0,0;0,0;0,0;
16:22:27;103,1;0,0;0,0;0,0;0,0;0,0;0,0;0,0;
16:22:28;103,1;0,0;0,0;0,0;0,0;0,0;0,0;0,0;
16:22:29;103,1;0,0;0,0;0,0;0,0;0,0;0,0;0,0;
16:22:30;103,1;0,0;0,0;0,0;0,0;0,0;0,0;0,0;
16:22:31;103,1;0,0;0,0;0,0;0,0;0,0;0,0;0,0;
16:22:32;103,1;0,0;0,0;0,0;0,0;0,0;0,0;0,0;
16:22:33;103,1;0,0;0,0;0,0;0,0;0,0;0,0;0,0;
16:22:34;103,1;0,0;0,0;0,0;0,0;0,0;0,0;0,0;
16:22:35;103,1;0,0;0,0;0,0;0,0;0,0;0,0;0,0;
16:22:36;103,1;0,0;0,0;0,0;0,0;0,0;0,0;0,0;
16:22:37;103,1;0,0;0,0;0,0;0,0;0,0;0,0;0,0;
16:22:38;103,1;0,0;0,0;0,0;0,0;0,0;0,0;0,0;
16:22:40;103,1;0,0;0,0;0,0;0,0;0,0;0,0;0,0;
16:22:41;103,0;0,0;0,0;0,0;0,0;0,0;0,0;0,0;
16:22:42;103,0;0,0;0,0;0,0;0,0;0,0;0,0;0,0;
16:22:43;103,1;0,0;0,0;0,0;0,0;0,0;0,0;0,0;
16:22:44;103,1;0,0;0,0;0,0;0,0;0,0;0,0;0,0;
16:22:45;103,1;0,0;0,0;0,0;0,0;0,0;0,0;0,0;
16:22:46;103,0;0,0;0,0;0,0;0,0;0,0;0,0;0,0;
16:22:47;103,0;0,0;0,0;0,0;0,0;0,0;0,0;0,0;
16:22:48;103,1;0,0;0,0;0,0;0,0;0,0;0,0;0,0;
16:22:49;103,0;0,0;0,0;0,0;0,0;0,0;0,0;0,0;
16:22:50;103,0;0,0;0,0;0,0;0,0;0,0;0,0;0,0;
16:22:51;103,0;0,0;0,0;0,0;0,0;0,0;0,0;0,0;
16:22:52;103,0;0,0;0,0;0,0;0,0;0,0;0,0;0,0;
16:22:53;103,0;0,0;0,0;0,0;0,0;0,0;0,0;0,0;
16:22:54;103,0;0,0;0,0;0,0;0,0;0,0;0,0;0,0;
16:22:55;103,0;0,0;0,0;0,0;0,0;0,0;0,0;0,0;
16:22:56;103,0;0,0;0,0;0,0;0,0;0,0;0,0;0,0;
16:22:57;103,0;0,0;0,0;0,0;0,0;0,0;0,0;0,0;
16:22:58;103,0;0,0;0,0;0,0;0,0;0,0;0,0;0,0;
16:22:59;103,0;0,0;0,0;0,0;0,0;0,0;0,0;0,0;
16:23:00;103,0;0,0;0,0;0,0;0,0;0,0;0,0;0,0;
16:23:01;103,0;0,0;0,0;0,0;0,0;0,0;0,0;0,0;
16:23:02;103,0;0,0;0,0;0,0;0,0;0,0;0,0;0,0;
16:23:03;103,0;0,0;0,0;0,0;0,0;0,0;0,0;0,0;
16:23:04;103,0;0,0;0,0;0,0;0,0;0,0;0,0;0,0;
16:23:05;103,0;0,0;0,0;0,0;0,0;0,0;0,0;0,0;
16:23:06;103,0;0,0;0,0;0,0;0,0;0,0;0,0;0,0;
16:23:07;103,0;0,0;0,0;0,0;0,0;0,0;0,0;0,0;
16:23:08;103,0;0,0;0,0;0,0;0,0;0,0;0,0;0,0;
16:23:09;103,0;0,0;0,0;0,0;0,0;0,0;0,0;0,0;
16:23:10;103,0;0,0;0,0;0,0;0,0;0,0;0,0;0,0;
16:23:11;103,0;0,0;0,0;0,0;0,0;0,0;0,0;0,0;
16:23:12;103,0;0,0;0,0;0,0;0,0;0,0;0,0;0,0;
16:23:13;103,0;0,0;0,0;0,0;0,0;0,0;0,0;0,0;
16:23:14;103,0;0,0;0,0;0,0;0,0;0,0;0,0;0,0;
16:23:15;103,0;0,0;0,0;0,0;0,0;0,0;0,0;0,0;
16:23:16;103,0;0,0;0,0;0,0;0,0;0,0;0,0;0,0;
16:23:17;103,0;0,0;0,0;0,0;0,0;0,0;0,0;0,0;
16:23:18;103,0;0,0;0,0;0,0;0,0;0,0;0,0;0,0;
16:23:19;103,0;0,0;0,0;0,0;0,0;0,0;0,0;0,0;
16:23:20;103,0;0,0;0,0;0,0;0,0;0,0;0,0;0,0;
16:23:21;103,0;0,0;0,0;0,0;0,0;0,0;0,0;0,0;
16:23:22;103,0;0,0;0,0;0,0;0,0;0,0;0,0;0,0;
16:23:23;103,0;0,0;0,0;0,0;0,0;0,0;0,0;0,0;
16:23:24;102,9;0,0;0,0;0,0;0,0;0,0;0,0;0,0;
16:23:25;103,0;0,0;0,0;0,0;0,0;0,0;0,0;0,0;
16:23:26;103,0;0,0;0,0;0,0;0,0;0,0;0,0;0,0;
16:23:27;103,0;0,0;0,0;0,0;0,0;0,0;0,0;0,0;
16:23:28;102,9;0,0;0,0;0,0;0,0;0,0;0,0;0,0;
16:23:29;103,0;0,0;0,0;0,0;0,0;0,0;0,0;0,0;
16:23:30;102,9;0,0;0,0;0,0;0,0;0,0;0,0;0,0;
16:23:31;103,0;0,0;0,0;0,0;0,0;0,0;0,0;0,0;
16:23:32;102,9;0,0;0,0;0,0;0,0;0,0;0,0;0,0;
16:23:33;102,9;0,0;0,0;0,0;0,0;0,0;0,0;0,0;
16:23:34;102,9;0,0;0,0;0,0;0,0;0,0;0,0;0,0;
16:23:35;102,9;0,0;0,0;0,0;0,0;0,0;0,0;0,0;
16:23:36;102,9;0,0;0,0;0,0;0,0;0,0;0,0;0,0;
16:23:37;102,9;0,0;0,0;0,0;0,0;0,0;0,0;0,0;
16:23:38;102,9;0,0;0,0;0,0;0,0;0,0;0,0;0,0;
16:23:39;102,9;0,0;0,0;0,0;0,0;0,0;0,0;0,0;
16:23:40;102,9;0,0;0,0;0,0;0,0;0,0;0,0;0,0;
16:23:41;102,9;0,0;0,0;0,0;0,0;0,0;0,0;0,0;
16:23:42;102,9;0,0;0,0;0,0;0,0;0,0;0,0;0,0;
16:23:43;102,9;0,0;0,0;0,0;0,0;0,0;0,0;0,0;
16:23:44;102,9;0,0;0,0;0,0;0,0;0,0;0,0;0,0;
16:23:45;102,9;0,0;0,0;0,0;0,0;0,0;0,0;0,0;
16:23:46;102,9;0,0;0,0;0,0;0,0;0,0;0,0;0,0;
16:23:47;102,9;0,0;0,0;0,0;0,0;0,0;0,0;0,0;
16:23:48;102,9;0,0;0,0;0,0;0,0;0,0;0,0;0,0;
16:23:49;102,9;0,0;0,0;0,0;0,0;0,0;0,0;0,0;
16:23:51;102,9;0,0;0,0;0,0;0,0;0,0;0,0;0,0;
16:23:52;102,9;0,0;0,0;0,0;0,0;0,0;0,0;0,0;
16:23:53;102,9;0,0;0,0;0,0;0,0;0,0;0,0;0,0;
16:23:54;102,9;0,0;0,0;0,0;0,0;0,0;0,0;0,0;
16:23:55;102,9;0,0;0,0;0,0;0,0;0,0;0,0;0,0;
16:23:56;102,9;0,0;0,0;0,0;0,0;0,0;0,0;0,0;
16:23:57;102,9;0,0;0,0;0,0;0,0;0,0;0,0;0,0;
16:23:58;102,9;0,0;0,0;0,0;0,0;0,0;0,0;0,0;
16:23:59;102,9;0,0;0,0;0,0;0,0;0,0;0,0;0,0;
16:24:00;102,9;0,0;0,0;0,0;0,0;0,0;0,0;0,0;
16:24:01;102,9;0,0;0,0;0,0;0,0;0,0;0,0;0,0;
16:24:02;102,8;0,0;0,0;0,0;0,0;0,0;0,0;0,0;
16:24:03;102,9;0,0;0,0;0,0;0,0;0,0;0,0;0,0;
16:24:04;102,9;0,0;0,0;0,0;0,0;0,0;0,0;0,0;
16:24:05;102,9;0,0;0,0;0,0;0,0;0,0;0,0;0,0;
16:24:06;102,9;0,0;0,0;0,0;0,0;0,0;0,0;0,0;
16:24:07;102,9;0,0;0,0;0,0;0,0;0,0;0,0;0,0;
16:24:08;102,9;0,0;0,0;0,0;0,0;0,0;0,0;0,0;
16:24:09;102,9;0,0;0,0;0,0;0,0;0,0;0,0;0,0;
16:24:10;102,8;0,0;0,0;0,0;0,0;0,0;0,0;0,0;
16:24:11;102,9;0,0;0,0;0,0;0,0;0,0;0,0;0,0;
16:24:12;102,9;0,0;0,0;0,0;0,0;0,0;0,0;0,0;
16:24:13;102,9;0,0;0,0;0,0;0,0;0,0;0,0;0,0;
16:24:14;102,8;0,0;0,0;0,0;0,0;0,0;0,0;0,0;
16:24:15;102,8;0,0;0,0;0,0;0,0;0,0;0,0;0,0;
16:24:16;102,8;0,0;0,0;0,0;0,0;0,0;0,0;0,0;
16:24:17;102,8;0,0;0,0;0,0;0,0;0,0;0,0;0,0;
16:24:18;102,8;0,0;0,0;0,0;0,0;0,0;0,0;0,0;
16:24:19;102,8;0,0;0,0;0,0;0,0;0,0;0,0;0,0;
16:24:20;102,8;0,0;0,0;0,0;0,0;0,0;0,0;0,0;
16:24:21;102,8;0,0;0,0;0,0;0,0;0,0;0,0;0,0;
16:24:22;102,8;0,0;0,0;0,0;0,0;0,0;0,0;0,0;
16:24:23;102,8;0,0;0,0;0,0;0,0;0,0;0,0;0,0;
16:24:24;102,8;0,0;0,0;0,0;0,0;0,0;0,0;0,0;
16:24:25;102,8;0,0;0,0;0,0;0,0;0,0;0,0;0,0;
16:24:26;102,8;0,0;0,0;0,0;0,0;0,0;0,0;0,0;
16:24:27;102,8;0,0;0,0;0,0;0,0;0,0;0,0;0,0;
16:24:28;102,8;0,0;0,0;0,0;0,0;0,0;0,0;0,0;
16:24:29;102,8;0,0;0,0;0,0;0,0;0,0;0,0;0,0;
16:24:30;102,8;0,0;0,0;0,0;0,0;0,0;0,0;0,0;
16:24:31;102,8;0,0;0,0;0,0;0,0;0,0;0,0;0,0;
16:24:32;102,8;0,0;0,0;0,0;0,0;0,0;0,0;0,0;
16:24:33;102,8;0,0;0,0;0,0;0,0;0,0;0,0;0,0;
16:24:34;102,8;0,0;0,0;0,0;0,0;0,0;0,0;0,0;
16:24:35;102,8;0,0;0,0;0,0;0,0;0,0;0,0;0,0;
16:24:36;102,8;0,0;0,0;0,0;0,0;0,0;0,0;0,0;
16:24:37;102,8;0,0;0,0;0,0;0,0;0,0;0,0;0,0;
16:24:38;102,8;0,0;0,0;0,0;0,0;0,0;0,0;0,0;
16:24:39;102,7;0,0;0,0;0,0;0,0;0,0;0,0;0,0;
16:24:40;102,7;0,0;0,0;0,0;0,0;0,0;0,0;0,0;
16:24:42;102,8;0,0;0,0;0,0;0,0;0,0;0,0;0,0;
16:24:43;102,8;0,0;0,0;0,0;0,0;0,0;0,0;0,0;
16:24:44;102,7;0,0;0,0;0,0;0,0;0,0;0,0;0,0;
16:24:45;102,8;0,0;0,0;0,0;0,0;0,0;0,0;0,0;
16:24:46;102,7;0,0;0,0;0,0;0,0;0,0;0,0;0,0;
16:24:47;102,7;0,0;0,0;0,0;0,0;0,0;0,0;0,0;
16:24:48;102,7;0,0;0,0;0,0;0,0;0,0;0,0;0,0;
16:24:49;102,7;0,0;0,0;0,0;0,0;0,0;0,0;0,0;
16:24:50;102,7;0,0;0,0;0,0;0,0;0,0;0,0;0,0;
16:24:50;102,7;0,0;0,0;0,0;0,0;0,0;0,0;0,0;
16:24:51;102,7;0,0;0,0;0,0;0,0;0,0;0,0;0,0;
16:24:52;102,7;0,0;0,0;0,0;0,0;0,0;0,0;0,0;
16:24:53;102,7;0,0;0,0;0,0;0,0;0,0;0,0;0,0;
16:24:54;102,7;0,0;0,0;0,0;0,0;0,0;0,0;0,0;
16:24:55;102,7;0,0;0,0;0,0;0,0;0,0;0,0;0,0;
16:24:56;102,7;0,0;0,0;0,0;0,0;0,0;0,0;0,0;
16:24:57;102,7;0,0;0,0;0,0;0,0;0,0;0,0;0,0;
16:24:58;102,7;0,0;0,0;0,0;0,0;0,0;0,0;0,0;
16:24:59;102,7;0,0;0,0;0,0;0,0;0,0;0,0;0,0;
16:25:00;102,7;0,0;0,0;0,0;0,0;0,0;0,0;0,0;
16:25:01;102,7;0,0;0,0;0,0;0,0;0,0;0,0;0,0;
16:25:02;102,7;0,0;0,0;0,0;0,0;0,0;0,0;0,0;
16:25:03;102,7;0,0;0,0;0,0;0,0;0,0;0,0;0,0;
16:25:04;102,7;0,0;0,0;0,0;0,0;0,0;0,0;0,0;
16:25:06;102,7;0,0;0,0;0,0;0,0;0,0;0,0;0,0;
16:25:07;102,7;0,0;0,0;0,0;0,0;0,0;0,0;0,0;
16:25:08;102,7;0,0;0,0;0,0;0,0;0,0;0,0;0,0;
16:25:09;102,7;0,0;0,0;0,0;0,0;0,0;0,0;0,0;
16:25:10;102,7;0,0;0,0;0,0;0,0;0,0;0,0;0,0;
16:25:11;102,7;0,0;0,0;0,0;0,0;0,0;0,0;0,0;
16:25:12;102,7;0,0;0,0;0,0;0,0;0,0;0,0;0,0;
16:25:13;102,7;0,0;0,0;0,0;0,0;0,0;0,0;0,0;
16:25:14;102,7;0,0;0,0;0,0;0,0;0,0;0,0;0,0;
16:25:15;102,7;0,0;0,0;0,0;0,0;0,0;0,0;0,0;
16:25:16;102,7;0,0;0,0;0,0;0,0;0,0;0,0;0,0;
16:25:17;102,7;0,0;0,0;0,0;0,0;0,0;0,0;0,0;
16:25:18;102,6;0,0;0,0;0,0;0,0;0,0;0,0;0,0;
16:25:19;102,6;0,0;0,0;0,0;0,0;0,0;0,0;0,0;
16:25:20;102,6;0,0;0,0;0,0;0,0;0,0;0,0;0,0;
16:25:21;102,6;7,0;0,0;0,0;0,0;0,0;0,0;0,0;
16:25:22;102,6;3,0;0,0;0,0;0,0;0,0;0,0;0,0;
16:25:23;102,6;4,3;0,0;0,0;0,0;0,0;0,0;0,0;
16:25:24;102,6;4,0;0,0;0,0;0,0;0,0;0,0;0,0;
16:25:25;102,7;4,1;0,0;0,0;0,0;0,0;0,0;0,0;
16:25:26;102,6;4,1;0,0;0,0;0,0;0,0;0,0;0,0;
16:25:27;102,6;4,0;0,0;0,0;0,0;0,0;0,0;0,2;
16:25:28;102,6;4,0;0,0;0,0;0,0;0,0;0,0;0,2;
16:25:29;102,6;4,0;0,0;0,0;0,0;0,0;0,0;0,2;
16:25:30;102,6;4,0;0,0;0,0;0,0;0,0;0,0;0,3;
16:25:31;102,6;4,0;0,0;0,0;0,0;0,0;0,0;0,9;
16:25:32;102,6;4,0;0,0;0,0;0,0;0,0;0,0;1,0;
16:25:33;102,6;4,0;0,0;0,0;0,0;0,0;0,0;1,0;
16:25:34;102,6;4,0;0,0;0,0;100;1;0,0;1,0;
16:25:35;102,6;4,0;0,0;0,0;101;0;0,0;1,0;
16:25:36;115,4;4,0;0,0;0,0;100;1;0,0;1,0;
16:25:37;116,5;4,0;0,0;0,0;101;1;0,0;1,0;
16:25:38;117,0;4,0;0,0;0,0;101;0;0,0;1,0;
16:25:39;117,8;4,0;0,0;0,0;101;0;0,0;1,0;
16:25:40;118,2;4,0;0,0;0,0;101;0;0,0;1,0;
16:25:41;118,8;4,0;0,0;0,0;101;0;0,0;1,0;
16:25:42;119,0;4,0;0,0;0,0;100;0;0,0;1,0;
16:25:43;119,4;4,0;0,0;0,0;101;0;0,0;1,0;
16:25:44;119,5;4,0;0,0;0,0;101;0;0,0;1,0;
16:25:45;119,8;4,0;0,0;0,0;101;0;0,0;1,0;
16:25:46;120,0;4,0;0,0;0,0;100;0;0,0;1,0;
16:25:47;120,3;4,0;0,0;0,0;101;0;0,0;1,0;
16:25:48;120,6;4,0;0,0;0,0;101;0;0,0;1,0;
16:25:49;120,7;4,0;0,0;0,0;101;0;0,0;1,0;
16:25:50;120,9;4,0;0,0;0,0;100;0;0,0;1,0;
16:25:51;121,0;4,0;0,0;0,0;101;0;0,0;1,0;
16:25:52;121,2;4,0;0,0;0,0;101;0;0,0;1,0;
16:25:53;121,3;4,0;0,0;0,0;101;0;0,0;1,0;
16:25:55;121,4;4,0;0,0;0,0;101;0;0,0;1,0;
16:25:56;121,5;4,0;0,0;0,0;101;0;0,0;1,0;
16:25:57;121,6;4,0;0,0;0,0;101;0;0,0;1,0;
16:25:57;121,7;4,0;0,0;0,0;100;0;0,0;1,0;
16:25:58;122,0;4,0;0,0;0,0;101;0;0,0;1,0;
16:25:59;122,8;4,0;0,0;0,0;101;0;0,0;1,0;
16:26:00;122,9;4,0;0,0;0,0;101;0;0,0;1,0;
16:26:01;123,0;4,0;0,0;0,0;101;0;0,0;1,0;
16:26:02;123,0;4,0;0,0;0,0;101;0;0,0;1,0;
16:26:03;123,1;4,0;0,0;0,0;101;0;0,0;1,0;
16:26:04;123,1;4,0;0,0;0,0;101;0;0,0;1,0;
16:26:05;123,2;4,0;0,0;0,0;101;0;0,0;1,0;
16:26:06;123,2;4,0;0,0;0,0;101;0;0,0;1,0;
16:26:07;123,2;4,0;0,0;0,0;101;0;0,0;1,0;
16:26:08;123,1;4,0;0,0;0,0;100;0;0,0;1,0;
16:26:09;123,1;4,0;0,0;0,0;100;0;0,0;1,0;
16:26:10;122,7;4,0;0,0;0,0;101;0;0,0;1,0;
16:26:11;122,5;4,0;0,0;0,0;101;0;0,0;1,0;
16:26:12;122,7;4,0;0,0;0,0;101;0;0,0;1,0;
16:26:13;122,7;4,0;0,0;0,0;101;0;0,0;1,0;
16:26:14;122,8;4,0;0,0;0,0;101;0;0,0;1,0;
16:26:15;123,0;4,0;0,0;0,0;101;0;0,0;1,0;
16:26:16;123,0;4,0;0,0;0,0;100;0;0,0;1,0;
16:26:17;123,1;4,0;0,0;0,0;101;0;0,0;1,0;
16:26:18;123,1;4,0;0,0;0,0;101;0;0,0;1,0;
16:26:19;123,3;4,0;0,0;0,0;101;0;0,0;1,0;
16:26:20;123,3;4,0;0,0;0,0;101;1;0,0;1,0;
16:26:22;123,4;4,0;0,0;0,0;100;0;0,0;1,0;
16:26:23;123,4;4,0;0,0;0,0;101;1;0,0;1,0;
16:26:24;123,5;4,0;0,0;0,0;101;0;0,0;1,0;
16:26:25;123,6;4,0;0,0;0,0;101;0;0,0;1,0;
16:26:26;123,7;4,0;0,0;0,0;101;1;0,0;1,0;
16:26:27;123,8;4,0;0,0;0,0;101;1;0,0;1,0;
16:26:28;123,9;4,0;0,0;0,0;101;0;0,0;1,0;
16:26:29;123,9;4,0;0,0;0,0;100;1;0,0;1,0;
16:26:30;123,9;4,0;0,0;0,0;100;1;0,0;1,0;
16:26:31;123,9;4,0;0,0;0,0;101;1;0,0;1,0;
16:26:32;124,0;4,0;0,0;0,0;101;1;0,0;1,0;
16:26:33;124,0;4,0;0,0;0,0;101;1;0,0;1,0;
16:26:34;124,0;4,0;0,0;0,0;101;1;0,0;1,0;
16:26:35;124,0;4,0;0,0;0,0;101;1;0,0;1,0;
16:26:36;124,1;4,0;0,0;0,0;101;1;0,0;1,0;
16:26:37;124,1;4,0;0,0;0,0;101;1;0,0;1,0;
16:26:38;124,1;0,0;0,0;0,0;0,0;0,0;0,0;0,0;
16:26:39;122,5;0,0;0,0;0,0;0,0;0,0;0,0;0,0;
16:26:40;111,5;0,0;0,0;0,0;0,0;0,0;0,0;0,0;
16:26:41;109,2;0,0;0,0;0,0;0,0;0,0;0,0;0,0;
16:26:42;108,8;0,0;0,0;0,0;0,0;0,0;0,0;0,0;
16:26:43;108,0;0,0;0,0;0,0;0,0;0,0;0,0;0,0;
16:26:44;107,8;0,0;0,0;0,0;0,0;0,0;0,0;0,0;
16:26:45;107,3;0,0;0,0;0,0;0,0;0,0;0,0;0,0;
16:26:46;107,1;0,0;0,0;0,0;0,0;0,0;0,0;0,0;
16:26:47;106,8;0,0;0,0;0,0;0,0;0,0;0,0;0,0;
16:26:48;106,6;0,0;0,0;0,0;0,0;0,0;0,0;0,0;
16:26:49;106,3;0,0;0,0;0,0;0,0;0,0;0,0;0,0;
16:26:50;106,1;0,0;0,0;0,0;0,0;0,0;0,0;0,0;
16:26:51;106,0;0,0;0,0;0,0;0,0;0,0;0,0;0,0;
16:26:52;105,8;0,0;0,0;0,0;0,0;0,0;0,0;0,0;
16:26:53;105,8;0,0;0,0;0,0;0,0;0,0;0,0;0,0;
16:26:54;105,6;0,0;0,0;0,0;0,0;0,0;0,0;0,0;
16:26:55;105,5;0,0;0,0;0,0;0,0;0,0;0,0;0,0;
16:26:56;105,4;0,0;0,0;0,0;0,0;0,0;0,0;0,0;
16:26:57;105,4;0,0;0,0;0,0;0,0;0,0;0,0;0,0;
16:26:58;105,3;0,0;0,0;0,0;0,0;0,0;0,0;0,0;
16:26:59;105,3;0,0;0,0;0,0;0,0;0,0;0,0;0,0;
16:27:00;105,2;0,0;0,0;0,0;0,0;0,0;0,0;0,0;
16:27:01;105,1;0,0;0,0;0,0;0,0;0,0;0,0;0,0;
16:27:02;105,0;2,1;0,0;0,0;0,0;0,0;0,0;0,0;
16:27:03;105,0;4,1;0,0;0,0;0,0;0,0;0,0;0,0;
16:27:04;104,9;4,1;0,0;0,0;0,0;0,0;0,0;0,0;
16:27:05;104,9;4,1;0,0;0,0;0,0;0,0;0,0;0,0;
16:27:06;104,8;4,1;0,0;0,0;0,0;0,0;0,0;0,2;
16:27:07;104,8;4,1;0,0;0,0;0,0;0,0;0,0;0,2;
16:27:08;104,8;4,0;0,0;0,0;0,0;0,0;0,0;0,2;
16:27:10;104,8;4,0;0,0;0,0;0,0;0,0;0,0;0,2;
16:27:11;104,7;4,0;0,0;0,0;0,0;0,0;0,0;0,5;
16:27:12;104,7;4,0;0,0;0,0;0,0;0,0;0,0;0,9;
16:27:13;104,6;4,0;0,0;0,0;0,0;0,0;0,0;1,0;
16:27:14;104,6;4,0;0,0;0,0;0,0;0,0;0;1,0;
16:27:15;104,5;4,0;0,0;0,0;0,0;0,0;0;1,0;
16:27:16;104,5;4,0;0,0;0,0;0,0;0,0;0;1,0;
16:27:17;104,6;4,0;0,0;0,0;0,0;0,0;0;1,0;
16:27:18;104,8;4,0;0,0;0,0;0,0;0,0;0;1,0;
16:27:19;104,6;4,0;0,0;0,0;0,0;0,0;0;1,0;
16:27:20;104,7;4,0;0,0;0,0;0,0;0,0;0;1,0;
16:27:21;104,8;4,0;0,0;0,0;0,0;0,0;0;1,0;
16:27:22;104,5;4,0;0,0;0,0;0,0;0,0;0;1,0;
16:27:23;104,8;4,0;0,0;0,0;0,0;0,0;0;1,0;
16:27:24;104,5;4,0;0,0;0,0;0,0;0,0;0;1,0;
16:27:25;104,3;4,0;0,0;0,0;0,0;0,0;0;1,0;
16:27:26;104,4;4,0;0,0;0,0;0,0;0,0;0;1,0;
16:27:26;104,6;4,0;0,0;0,0;0,0;0,0;0;1,0;
16:27:27;104,8;4,0;0,0;0,0;0,0;0,0;0;1,0;
16:27:28;105,0;4,0;0,0;0,0;0,0;0,0;0;1,0;
16:27:29;104,9;4,0;0,0;0,0;0,0;0,0;0;1,0;
16:27:30;104,6;4,0;0,0;0,0;0,0;0,0;0;1,0;
16:27:31;104,5;4,0;0,0;0,0;0,0;0,0;0;1,0;
16:27:32;104,5;4,0;0,0;0,0;0,0;0,0;0;1,0;
16:27:33;104,5;4,0;0,0;0,0;0,0;0,0;0;1,0;
16:27:35;104,5;4,0;0,0;0,0;0,0;0,0;0;1,0;
16:27:36;104,2;4,0;0,0;0,0;0,0;0,0;0;1,0;
16:27:37;104,0;4,0;0,0;0,0;0,0;0,0;0;1,0;
16:27:38;103,9;4,0;0,0;0,0;0,0;0,0;0;1,0;
16:27:39;103,9;4,0;0,0;0,0;0,0;0,0;0;1,0;
16:27:40;103,9;4,0;0,0;0,0;0,0;0,0;0;1,0;
16:27:41;103,9;4,0;0,0;0,0;0,0;0,0;0;1,0;
16:27:42;103,9;4,0;0,0;0,0;0,0;0,0;0;1,0;
16:27:43;103,9;4,0;0,0;0,0;0,0;0,0;0;1,0;
16:27:44;103,9;4,0;0,0;0,0;0,0;0,0;0;1,0;
16:27:45;103,9;4,0;0,0;0,0;0,0;0,0;0;1,0;
16:27:46;103,9;4,0;0,0;0,0;0,0;0,0;0;1,0;
16:27:47;104,1;4,0;0,0;0,0;0,0;0,0;0;1,0;
16:27:48;104,0;4,0;0,0;0,0;0,0;0,0;0;1,0;
16:27:49;103,7;4,0;0,0;0,0;0,0;0,0;0;1,0;
16:27:50;103,6;4,0;0,0;0,0;0,0;0,0;0;1,0;
16:27:51;103,8;4,0;0,0;0,0;0,0;0,0;0;1,0;
16:27:52;104,1;4,0;0,0;0,0;0,0;0,0;0;1,0;
16:27:53;104,3;4,0;0,0;0,0;0,0;0,0;0;1,0;
16:27:54;104,5;4,0;0,0;0,0;0,0;0,0;0;1,0;
16:27:55;104,5;4,0;0,0;0,0;0,0;0,0;0;1,0;
16:27:56;104,3;4,0;0,0;0,0;0,0;0,0;0;1,0;
16:27:57;104,1;4,0;0,0;0,0;0,0;0,0;0;1,0;
16:27:58;104,1;4,0;0,0;0,0;0,0;0,0;0;1,0;
16:27:59;104,2;4,0;0,0;0,0;0,0;0,0;0;1,0;
16:28:00;104,0;4,0;0,0;0,0;0,0;0,0;0;1,0;
16:28:01;103,8;4,0;0,0;0,0;0,0;0,0;0;1,0;
16:28:02;103,5;4,0;0,0;0,0;0,0;0,0;0;1,0;
16:28:03;103,5;4,0;0,0;0,0;0,0;0,0;0;1,0;
16:28:04;103,5;4,0;0,0;0,0;0,0;0,0;0;1,0;
16:28:05;103,5;4,0;0,0;0,0;0,0;0,0;0;1,0;
16:28:06;103,5;4,0;0,0;0,0;0,0;0,0;0;1,0;
16:28:07;103,5;4,0;0,0;0,0;0,0;0,0;0;1,0;
16:28:08;103,5;4,0;0,0;0,0;0,0;0,0;0;1,0;
16:28:09;103,5;4,0;0,0;0,0;0,0;0,0;0;1,0;
16:28:10;103,5;4,0;0,0;0,0;0,0;0,0;0;1,0;
16:28:11;103,8;4,0;0,0;0,0;0,0;0,0;0;1,0;
16:28:12;103,9;4,0;0,0;0,0;0,0;0,0;0;1,0;
16:28:13;103,7;4,0;0,0;0,0;0,0;0,0;0;1,0;
16:28:14;103,7;4,0;0,0;0,0;0,0;0,0;0;1,0;
16:28:15;103,7;4,0;0,0;0,0;0,0;0,0;0;1,0;
16:28:16;103,7;4,0;0,0;0,0;0,0;0,0;0;1,0;
16:28:17;103,7;4,0;0,0;0,0;0,0;0,0;0;1,0;
16:28:18;103,7;4,0;0,0;0,0;0,0;0,0;0;1,0;
16:28:19;103,7;4,0;0,0;0,0;0,0;0,0;0;1,0;
16:28:20;103,7;4,0;0,0;0,0;0,0;0,0;0;1,0;
16:28:21;103,7;4,0;0,0;0,0;0,0;0,0;0;1,0;
16:28:22;103,7;4,0;0,0;0,0;0,0;0,0;0;1,0;
16:28:23;103,7;4,0;0,0;0,0;0,0;0,0;0;1,0;
16:28:25;103,6;4,0;0,0;0,0;0,0;0,0;0;1,0;
16:28:26;103,7;4,0;0,0;0,0;0,0;0,0;0;1,0;
16:28:27;103,3;4,0;0,0;0,0;0,0;0,0;0;1,0;
16:28:28;103,2;4,0;0,0;0,0;0,0;0,0;0;1,0;
16:28:29;103,3;4,0;0,0;0,0;0,0;0,0;0;1,0;
16:28:30;103,5;4,0;0,0;0,0;0,0;0,0;0;1,0;
16:28:31;103,9;4,0;0,0;0,0;0,0;0,0;0;1,0;
16:28:32;104,0;4,0;0,0;0,0;0,0;0,0;0;1,0;
16:28:33;104,2;4,0;0,0;0,0;0,0;0,0;0;1,0;
16:28:33;104,1;4,0;0,0;0,0;0,0;0,0;0;1,0;
16:28:34;103,7;4,0;0,0;0,0;0,0;0,0;0;1,0;
16:28:35;103,6;4,0;0,0;0,0;0,0;0,0;0;1,0;
16:28:36;103,7;4,0;0,0;0,0;0,0;0,0;0;1,0;
16:28:37;103,6;4,0;0,0;0,0;0,0;0,0;0;1,0;
16:28:38;103,4;4,0;0,0;0,0;0,0;0,0;0;1,0;
16:28:39;103,4;4,0;0,0;0,0;0,0;0,0;0;1,0;
16:28:40;103,4;4,0;0,0;0,0;0,0;0,0;0;1,0;
16:28:41;103,4;4,0;0,0;0,0;0,0;0,0;0;1,0;
16:28:42;103,4;4,0;0,0;0,0;0,0;0,0;0;1,0;
16:28:43;103,9;4,0;0,0;0,0;0,0;0,0;0;1,0;
16:28:44;104,0;4,0;0,0;0,0;0,0;0,0;0;1,0;
16:28:45;103,9;4,0;0,0;0,0;0,0;0,0;0;1,0;
16:28:46;103,7;4,0;0,0;0,0;0,0;0,0;0;1,0;
16:28:47;103,5;4,0;0,0;0,0;0,0;0,0;0;1,0;
16:28:49;103,5;4,0;0,0;0,0;0,0;0,0;0;1,0;
16:28:50;103,5;4,0;0,0;0,0;0,0;0,0;0;1,0;
16:28:51;103,4;4,0;0,0;0,0;0,0;0,0;0;1,0;
16:28:52;103,2;4,0;0,0;0,0;0,0;0,0;0;1,0;
16:28:53;103,0;4,0;0,0;0,0;0,0;0,0;0;1,0;
16:28:54;102,8;4,0;0,0;0,0;0,0;0,0;0;1,0;
16:28:55;103,4;4,0;0,0;0,0;0,0;0,0;0;1,0;
16:28:56;103,6;4,0;0,0;0,0;0,0;0,0;0;1,0;
16:28:57;104,0;4,0;0,0;0,0;0,0;0,0;0;1,0;
16:28:58;104,0;4,0;0,0;0,0;0,0;0,0;0;1,0;
16:28:59;103,7;4,0;0,0;0,0;0,0;0,0;0;1,0;
16:29:00;103,5;4,0;0,0;0,0;0,0;0,0;0;1,0;
16:29:01;103,4;4,0;0,0;0,0;0,0;0,0;0;1,0;
16:29:02;103,5;4,0;0,0;0,0;0,0;0,0;0;1,0;
16:29:03;103,4;4,0;0,0;0,0;0,0;0,0;0;1,0;
16:29:04;103,3;4,0;0,0;0,0;0,0;0,0;0;1,0;
16:29:05;102,9;4,0;0,0;0,0;0,0;0,0;0;1,0;
16:29:06;102,7;4,0;0,0;0,0;0,0;0,0;0;1,0;
16:29:07;103,1;4,0;0,0;0,0;0,0;0,0;0;1,0;
16:29:08;103,5;4,0;0,0;0,0;0,0;0,0;0;1,0;
16:29:09;103,7;4,0;0,0;0,0;0,0;0,0;0;1,0;
16:29:10;103,9;4,0;0,0;0,0;0,0;0,0;0;1,0;
16:29:11;103,8;4,0;0,0;0,0;0,0;0,0;0;1,0;
16:29:12;103,4;4,0;0,0;0,0;0,0;0,0;0;1,0;
16:29:13;103,3;4,0;0,0;0,0;0,0;0,0;0;1,0;
16:29:14;103,3;4,0;0,0;0,0;0,0;0,0;0;1,0;
16:29:15;103,4;4,0;0,0;0,0;0,0;0,0;0;1,0;
16:29:16;103,3;4,0;0,0;0,0;0,0;0,0;0;1,0;
16:29:17;103,0;4,0;0,0;0,0;0,0;0,0;0;1,0;
16:29:18;102,8;4,0;0,0;0,0;0,0;0,0;0;1,0;
16:29:19;102,7;4,0;0,0;0,0;0,0;0,0;0;1,0;
16:29:20;103,1;4,0;0,0;0,0;0,0;0,0;0;1,0;
16:29:21;103,4;4,0;0,0;0,0;0,0;0,0;0;1,0;
16:29:22;103,7;4,0;0,0;0,0;0,0;0,0;0;1,0;
16:29:23;103,7;4,0;0,0;0,0;0,0;0,0;0;1,0;
16:29:24;103,7;4,0;0,0;0,0;0,0;0,0;0;1,0;
16:29:25;103,7;4,0;0,0;0,0;0,0;0,0;0;1,0;
16:29:26;103,1;4,0;0,0;0,0;0,0;0,0;0;1,0;
16:29:27;103,2;4,0;0,0;0,0;0,0;0,0;0;1,0;
16:29:28;103,2;4,0;0,0;0,0;0,0;0,0;0;1,0;
16:29:29;103,0;4,0;0,0;0,0;0,0;0,0;0;1,0;
16:29:30;102,8;4,0;0,0;0,0;0,0;0,0;0;1,0;
16:29:31;102,6;4,0;0,0;0,0;0,0;0,0;0;1,0;
16:29:32;102,6;4,0;0,0;0,0;0,0;0,0;0;1,0;
16:29:33;103,1;4,0;0,0;0,0;0,0;0,0;0;1,0;
16:29:34;103,3;4,0;0,0;0,0;0,0;0,0;0;1,0;
16:29:35;103,8;4,0;0,0;0,0;0,0;0,0;0;1,0;
16:29:36;103,5;4,0;0,0;0,0;0,0;0,0;0;1,0;
16:29:37;103,3;4,0;0,0;0,0;0,0;0,0;0;1,0;
16:29:39;103,1;4,0;0,0;0,0;0,0;0,0;0;1,0;
16:29:40;103,2;4,0;0,0;0,0;0,0;0,0;0;1,0;
16:29:41;103,2;4,0;0,0;0,0;0,0;0,0;0;1,0;
16:29:42;103,1;4,0;0,0;0,0;0,0;0,0;0;1,0;
16:29:43;102,7;4,0;0,0;0,0;0,0;0,0;0;1,0;
16:29:44;102,5;4,0;0,0;0,0;0,0;0,0;0;1,0;
16:29:45;102,5;4,0;0,0;0,0;0,0;0,0;0;1,0;
16:29:46;102,7;4,0;0,0;0,0;0,0;0,0;0;1,0;
16:29:47;103,2;4,0;0,0;0,0;0,0;0,0;0;1,0;
16:29:48;103,5;4,0;0,0;0,0;0,0;0,0;0;1,0;
16:29:49;103,6;4,0;0,0;0,0;0,0;0,0;0;1,0;
16:29:50;103,4;4,0;0,0;0,0;0,0;0,0;0;1,0;
16:29:51;103,1;4,0;0,0;0,0;0,0;0,0;0;1,0;
16:29:52;103,0;4,0;0,0;0,0;0,0;0,0;0;1,0;
16:29:53;103,1;4,0;0,0;0,0;0,0;0,0;0;1,0;
16:29:54;103,0;4,0;0,0;0,0;0,0;0,0;0;1,0;
16:29:55;102,8;4,0;0,0;0,0;0,0;0,0;0;1,0;
16:29:56;102,7;4,0;0,0;0,0;0,0;0,0;0;1,0;
16:29:57;102,4;4,0;0,0;0,0;0,0;0,0;0;1,0;
16:29:58;102,4;4,0;0,0;0,0;0,0;0,0;0;1,0;
16:29:59;102,8;4,0;0,0;0,0;0,0;0,0;0;1,0;
16:30:00;103,5;4,0;0,0;0,0;0,0;0,0;0;1,0;
16:30:01;103,6;4,0;0,0;0,0;0,0;0,0;0;1,0;
16:30:01;103,4;4,0;0,0;0,0;0,0;0,0;0;1,0;
16:30:02;103,2;4,0;0,0;0,0;0,0;0,0;0;1,0;
16:30:04;103,0;4,0;0,0;0,0;0,0;0,0;0;1,0;
16:30:05;103,0;4,0;0,0;0,0;0,0;0,0;0;1,0;
16:30:06;103,0;4,0;0,0;0,0;0,0;0,0;0;1,0;
16:30:07;103,0;4,0;0,0;0,0;0,0;0,0;0;1,0;
16:30:08;102,7;4,0;0,0;0,0;0,0;0,0;0;1,0;
16:30:09;102,5;4,0;0,0;0,0;0,0;0,0;0;1,0;
16:30:10;102,4;4,0;0,0;0,0;0,0;0,0;0;1,0;
16:30:11;102,6;4,0;0,0;0,0;0,0;0,0;0;1,0;
16:30:12;103,2;4,0;0,0;0,0;0,0;0,0;0;1,0;
16:30:13;103,5;4,0;0,0;0,0;0,0;0,0;0;1,0;
16:30:14;103,5;4,0;0,0;0,0;0,0;0,0;0;1,0;
16:30:15;103,1;4,0;0,0;0,0;0,0;0,0;0;1,0;
16:30:16;102,9;4,0;0,0;0,0;0,0;0,0;0;1,0;
16:30:17;102,9;4,0;0,0;0,0;0,0;0,0;0;1,0;
16:30:18;103,0;4,0;0,0;0,0;0,0;0,0;0;1,0;
16:30:19;102,9;4,0;0,0;0,0;0,0;0,0;0;1,0;
16:30:20;102,8;4,0;0,0;0,0;0,0;0,0;0;1,0;
16:30:21;102,6;4,0;0,0;0,0;0,0;0,0;0;1,0;
16:30:22;102,6;4,0;0,0;0,0;0,0;0,0;0;1,0;
16:30:23;102,6;4,0;0,0;0,0;0,0;0,0;0;1,0;
16:30:24;102,6;4,0;0,0;0,0;0,0;0,0;0;1,0;
16:30:25;102,6;4,0;0,0;0,0;0,0;0,0;0;1,0;
16:30:26;102,6;4,0;0,0;0,0;0,0;0,0;0;1,0;
16:30:27;102,6;4,0;0,0;0,0;0,0;0,0;0;1,0;
16:30:28;102,6;4,0;0,0;0,0;0,0;0,0;0;1,0;
16:30:29;102,6;4,0;0,0;0,0;0,0;0,0;0;1,0;
16:30:30;102,6;4,0;0,0;0,0;0,0;0,0;0;1,0;
16:30:31;102,6;4,0;0,0;0,0;0,0;0,0;0;1,0;
16:30:32;102,6;4,0;0,0;0,0;0,0;0,0;0;1,0;
16:30:33;102,6;4,0;0,0;0,0;0,0;0,0;0;1,0;
16:30:34;102,6;4,0;0,0;0,0;0,0;0,0;0;1,0;
16:30:35;102,6;4,0;0,0;0,0;0,0;0,0;0;1,0;
16:30:36;102,6;4,0;0,0;0,0;0,0;0,0;0;1,0;
16:30:37;102,6;4,0;0,0;0,0;0,0;0,0;0;1,0;
16:30:38;102,6;4,0;0,0;0,0;0,0;0,0;0;1,0;
16:30:39;102,6;4,0;0,0;0,0;0,0;0,0;0;1,0;
16:30:40;102,6;4,0;0,0;0,0;0,0;0,0;0;1,0;
16:30:41;102,6;4,0;0,0;0,0;0,0;0,0;0;1,0;
16:30:42;102,6;4,0;0,0;0,0;0,0;0,0;0;1,0;
16:30:43;102,6;4,0;0,0;0,0;0,0;0,0;0;1,0;
16:30:44;102,6;4,0;0,0;0,0;0,0;0,0;0;1,0;
16:30:45;102,6;4,0;0,0;0,0;0,0;0,0;0;1,0;
16:30:46;102,6;4,0;0,0;0,0;0,0;0,0;0;1,0;
16:30:47;102,6;4,0;0,0;0,0;0,0;0,0;0;1,0;
16:30:48;102,6;4,0;0,0;0,0;0,0;0,0;0;1,0;
16:30:49;102,6;4,0;0,0;0,0;0,0;0,0;0;1,0;
16:30:50;102,6;4,0;0,0;0,0;0,0;0,0;0;1,0;
16:30:51;102,6;4,0;0,0;0,0;0,0;0,0;0;1,0;
16:30:53;102,6;4,0;0,0;0,0;0,0;0,0;0;1,0;
16:30:54;102,6;4,0;0,0;0,0;0,0;0,0;0;1,0;
16:30:55;102,6;4,0;0,0;0,0;0,0;0,0;0;1,0;
16:30:56;102,6;4,0;0,0;0,0;0,0;0,0;0;1,0;
16:30:57;102,6;4,0;0,0;0,0;0,0;0,0;0;1,0;
16:30:58;102,6;4,0;0,0;0,0;0,0;0,0;0;1,0;
16:30:59;102,6;4,0;0,0;0,0;0,0;0,0;0;1,0;
16:31:00;102,6;4,0;0,0;0,0;0,0;0,0;0;1,0;
16:31:01;102,6;4,0;0,0;0,0;0,0;0,0;0;1,0;
16:31:02;102,6;4,0;0,0;0,0;0,0;0,0;0;1,0;
16:31:03;102,6;4,0;0,0;0,0;0,0;0,0;0;1,0;
16:31:04;102,6;4,0;0,0;0,0;0,0;0,0;0;1,0;
16:31:05;102,6;4,0;0,0;0,0;0,0;0,0;0;1,0;
16:31:06;102,6;4,0;0,0;0,0;0,0;0,0;0;1,0;
16:31:07;102,6;4,0;0,0;0,0;0,0;0,0;0;1,0;
16:31:08;102,6;4,0;0,0;0,0;0,0;0,0;0;1,0;
16:31:09;102,6;4,0;0,0;0,0;0,0;0,0;0;1,0;
16:31:10;102,6;4,0;0,0;0,0;0,0;0,0;0;1,0;
16:31:11;102,6;4,0;0,0;0,0;0,0;0,0;0;1,0;
16:31:11;102,6;4,0;0,0;0,0;0,0;0,0;0;1,0;
16:31:12;102,6;4,0;0,0;0,0;0,0;0,0;0;1,0;
16:31:13;102,6;4,0;0,0;0,0;0,0;0,0;0;1,0;
16:31:15;102,6;4,0;0,0;0,0;0,0;0,0;0;1,0;
16:31:16;102,6;4,0;0,0;0,0;0,0;0,0;0;1,0;
16:31:17;102,6;4,0;0,0;0,0;0,0;0,0;0;1,0;
16:31:18;102,6;4,0;0,0;0,0;0,0;0,0;0;1,0;
16:31:19;102,6;4,0;0,0;0,0;0,0;0,0;0;1,0;
16:31:20;102,6;4,0;0,0;0,0;0,0;0,0;0;1,0;
16:31:21;102,6;4,0;0,0;0,0;0,0;0,0;0;1,0;
16:31:22;102,6;4,0;0,0;0,0;0,0;0,0;0;1,0;
16:31:23;102,6;4,0;0,0;0,0;0,0;0,0;0;1,0;
16:31:24;102,6;4,0;0,0;0,0;0,0;0,0;0;1,0;
16:31:25;102,6;4,0;0,0;0,0;0,0;0,0;0;1,0;
16:31:26;102,6;4,0;0,0;0,0;0,0;0,0;0;1,0;
16:31:27;102,6;4,0;0,0;0,0;0,0;0,0;0;1,0;
16:31:28;102,6;4,0;0,0;0,0;0,0;0,0;0;1,0;
16:31:29;102,6;4,0;0,0;0,0;0,0;0,0;0;1,0;
16:31:30;102,6;4,0;0,0;0,0;0,0;0,0;0;1,0;
16:31:31;102,6;4,0;0,0;0,0;0,0;0,0;0;1,0;
16:31:32;102,6;4,0;0,0;0,0;0,0;0,0;0;1,0;
16:31:33;102,6;4,0;0,0;0,0;0,0;0,0;0;1,0;
16:31:34;102,6;4,0;0,0;0,0;0,0;0,0;0;1,0;
16:31:35;102,6;4,0;0,0;0,0;0,0;0,0;0;1,0;
16:31:36;102,6;4,0;0,0;0,0;0,0;0,0;0;1,0;
16:31:37;102,6;4,0;0,0;0,0;0,0;0,0;0;1,0;
16:31:38;102,6;4,0;0,0;0,0;0,0;0,0;0;1,0;
16:31:39;102,6;4,0;0,0;0,0;0,0;0,0;0;1,0;
16:31:40;102,6;4,0;0,0;0,0;0,0;0,0;0;1,0;
16:31:41;102,6;4,0;0,0;0,0;0,0;0,0;0;1,0;
16:31:42;102,6;4,0;0,0;0,0;0,0;0,0;0;1,0;
16:31:43;102,6;4,0;0,0;0,0;0,0;0,0;0;1,0;
16:31:44;102,6;4,0;0,0;0,0;0,0;0,0;0;1,0;
16:31:45;102,6;4,0;0,0;0,0;0,0;0,0;0;1,0;
16:31:46;102,6;4,0;0,0;0,0;0,0;0,0;0;1,0;
16:31:47;102,6;4,0;0,0;0,0;0,0;0,0;0;1,0;
16:31:48;102,6;4,0;0,0;0,0;0,0;0,0;0;1,0;
16:31:49;102,6;4,0;0,0;0,0;0,0;0,0;0;1,0;
16:31:50;102,6;4,0;0,0;0,0;0,0;0,0;0;1,0;
16:31:51;102,6;4,0;0,0;0,0;0,0;0,0;0;1,0;
16:31:52;102,6;4,0;0,0;0,0;0,0;0,0;0;1,0;
16:31:53;102,6;4,0;0,0;0,0;0,0;0,0;0;1,0;
16:31:54;102,6;4,0;0,0;0,0;0,0;0,0;0;1,0;
16:31:55;102,6;4,0;0,0;0,0;0,0;0,0;0;1,0;
16:31:56;102,6;4,0;0,0;0,0;0,0;0,0;0;1,0;
16:31:57;102,6;4,0;0,0;0,0;0,0;0,0;0;1,0;
16:31:58;102,6;4,0;0,0;0,0;0,0;0,0;0;1,0;
16:31:59;102,6;4,0;0,0;0,0;0,0;0,0;0;1,0;
16:32:00;102,6;4,0;0,0;0,0;0,0;0,0;0;1,0;
16:32:01;102,6;4,0;0,0;0,0;0,0;0,0;0;1,0;
16:32:02;102,6;4,0;0,0;0,0;0,0;0,0;0;1,0;
16:32:03;102,6;4,0;0,0;0,0;0,0;0,0;0;1,0;
16:32:04;102,6;4,0;0,0;0,0;0,0;0,0;0;1,0;
16:32:05;102,6;4,0;0,0;0,0;0,0;0,0;0;1,0;
16:32:07;102,6;4,0;0,0;0,0;0,0;0,0;0;1,0;
16:32:08;102,6;4,0;0,0;0,0;0,0;0,0;0;1,0;
16:32:09;102,6;4,0;0,0;0,0;0,0;0,0;0;1,0;
16:32:10;102,6;4,0;0,0;0,0;0,0;0,0;0;1,0;
16:32:11;102,6;4,0;0,0;0,0;0,0;0,0;0;1,0;
16:32:12;102,6;4,0;0,0;0,0;0,0;0,0;0;1,0;
16:32:13;102,6;4,0;0,0;0,0;0,0;0,0;0;1,0;
16:32:14;102,6;4,0;0,0;0,0;0,0;0,0;0;1,0;
16:32:15;102,6;4,0;0,0;0,0;0,0;0,0;0;1,0;
16:32:16;102,6;4,0;0,0;0,0;0,0;0,0;0;1,0;
16:32:17;102,6;4,0;0,0;0,0;0,0;0,0;0;1,0;
16:32:18;102,6;4,0;0,0;0,0;0,0;0,0;0;1,0;
16:32:19;102,6;4,0;0,0;0,0;0,0;0,0;0;1,0;
16:32:20;102,6;4,0;0,0;0,0;0,0;0,0;0;1,0;
16:32:21;102,6;4,0;0,0;0,0;0,0;0,0;0;1,0;
16:32:22;102,6;4,0;0,0;0,0;0,0;0,0;0;1,0;
16:32:23;102,6;4,0;0,0;0,0;0,0;0,0;0;1,0;
16:32:24;102,6;4,0;0,0;0,0;0,0;0,0;0;1,0;
16:32:25;102,6;4,0;0,0;0,0;0,0;0,0;0;1,0;
16:32:26;102,6;4,0;0,0;0,0;0,0;0,0;0;1,0;
16:32:27;102,6;4,0;0,0;0,0;0,0;0,0;0;1,0;
16:32:28;102,6;4,0;0,0;0,0;0,0;0,0;0;1,0;
16:32:29;102,6;4,0;0,0;0,0;0,0;0,0;0;1,0;
16:32:30;102,6;4,0;0,0;0,0;0,0;0,0;0;1,0;
16:32:31;102,6;4,0;0,0;0,0;0,0;0,0;0;1,0;
16:32:32;102,6;4,0;0,0;0,0;0,0;0,0;0;1,0;
16:32:33;102,6;4,0;0,0;0,0;0,0;0,0;0;1,0;
16:32:34;102,6;4,0;0,0;0,0;0,0;0,0;0;1,0;
16:32:35;102,6;4,0;0,0;0,0;0,0;0,0;0;1,0;
16:32:36;102,6;4,0;0,0;0,0;0,0;0,0;0;1,0;
16:32:37;102,6;4,0;0,0;0,0;0,0;0,0;0;1,0;
16:32:38;102,6;4,0;0,0;0,0;0,0;0,0;0;1,0;
17:18:21;103,4;0,0;0,0;0,0;0,0;0,0;0,0;0,0;
17:18:22;103,4;0,0;0,0;0,0;0,0;0,0;0,0;0,0;
17:18:23;103,4;0,0;0,0;0,0;0,0;0,0;0,0;0,0;
17:18:24;103,4;0,0;0,0;0,0;0,0;0,0;0,0;0,0;
17:18:25;103,4;0,0;0,0;0,0;0,0;0,0;0,0;0,0;
17:18:26;103,4;0,0;0,0;0,0;0,0;0,0;0,0;0,0;
17:18:27;103,4;0,0;0,0;0,0;0,0;0,0;0,0;0,0;
17:18:28;103,4;0,0;0,0;0,0;0,0;0,0;0,0;0,0;
17:18:29;103,4;0,0;0,0;0,0;0,0;0,0;0,0;0,0;
17:18:30;103,4;0,0;0,0;0,0;0,0;0,0;0,0;0,0;
17:18:31;103,4;0,0;0,0;0,0;0,0;0,0;0,0;0,0;
17:18:32;103,4;0,0;0,0;0,0;0,0;0,0;0,0;0,0;
17:18:33;103,3;0,0;0,0;0,0;0,0;0,0;0,0;0,0;
17:18:34;103,3;0,0;0,0;0,0;0,0;0,0;0,0;0,0;
17:18:35;103,3;0,0;0,0;0,0;0,0;0,0;0,0;0,0;
17:18:36;103,4;0,0;0,0;0,0;0,0;0,0;0,0;0,0;
17:18:37;103,3;0,0;0,0;0,0;0,0;0,0;0,0;0,0;
17:18:38;103,3;0,0;0,0;0,0;0,0;0,0;0,0;0,0;
17:18:39;103,3;0,0;0,0;0,0;0,0;0,0;0,0;0,0;
17:18:40;103,3;0,0;0,0;0,0;0,0;0,0;0,0;0,0;
17:18:41;103,3;0,0;0,0;0,0;0,0;0,0;0,0;0,0;
17:18:42;103,3;0,0;0,0;0,0;0,0;0,0;0,0;0,0;
17:18:43;103,3;0,0;0,0;0,0;0,0;0,0;0,0;0,0;
17:18:44;103,3;0,0;0,0;0,0;0,0;0,0;0,0;0,0;
17:18:45;103,3;0,0;0,0;0,0;0,0;0,0;0,0;0,0;
17:18:46;103,3;0,0;0,0;0,0;0,0;0,0;0,0;0,0;
17:18:47;103,3;0,0;0,0;0,0;0,0;0,0;0,0;0,0;
17:18:48;103,3;0,0;0,0;0,0;0,0;0,0;0,0;0,0;
17:18:49;103,3;0,0;0,0;0,0;0,0;0,0;0,0;0,0;
17:18:50;103,3;0,0;0,0;0,0;0,0;0,0;0,0;0,0;
17:18:51;103,3;0,0;0,0;0,0;0,0;0,0;0,0;0,0;
17:18:52;103,3;0,0;0,0;0,0;0,0;0,0;0,0;0,0;
17:18:53;103,2;0,0;0,0;0,0;0,0;0,0;0,0;0,0;
17:18:54;103,2;0,0;0,0;0,0;0,0;0,0;0,0;0,0;
17:18:55;103,2;0,0;0,0;0,0;0,0;0,0;0,0;0,0;
17:18:56;103,2;0,0;0,0;0,0;0,0;0,0;0,0;0,0;
17:18:57;103,2;0,0;0,0;0,0;0,0;0,0;0,0;0,0;
17:18:58;103,2;0,0;0,0;0,0;0,0;0,0;0,0;0,0;
17:18:59;103,2;0,0;0,0;0,0;0,0;0,0;0,0;0,0;
17:19:00;103,2;0,0;0,0;0,0;0,0;0,0;0,0;0,0;
17:19:01;103,3;0,0;0,0;0,0;0,0;0,0;0,0;0,0;
17:19:02;103,2;0,0;0,0;0,0;0,0;0,0;0,0;0,0;
17:19:03;103,2;0,0;0,0;0,0;0,0;0,0;0,0;0,0;
17:19:04;103,1;0,0;0,0;0,0;0,0;0,0;0,0;0,0;
17:19:05;103,1;0,0;0,0;0,0;0,0;0,0;0,0;0,0;
17:19:06;103,2;0,0;0,0;0,0;0,0;0,0;0,0;0,0;
17:19:07;103,2;0,0;0,0;0,0;0,0;0,0;0,0;0,0;
17:19:08;103,2;0,0;0,0;0,0;0,0;0,0;0,0;0,0;
17:19:09;103,2;0,0;0,0;0,0;0,0;0,0;0,0;0,0;
17:19:11;103,1;0,0;0,0;0,0;0,0;0,0;0,0;0,0;
17:19:12;103,1;0,0;0,0;0,0;0,0;0,0;0,0;0,0;
17:19:13;103,1;0,0;0,0;0,0;0,0;0,0;0,0;0,0;
17:19:14;103,1;0,0;0,0;0,0;0,0;0,0;0,0;0,0;
17:19:15;103,1;0,0;0,0;0,0;0,0;0,0;0,0;0,0;
17:19:16;103,1;0,0;0,0;0,0;0,0;0,0;0,0;0,0;
17:19:17;103,1;0,0;0,0;0,0;0,0;0,0;0,0;0,0;
17:19:18;103,1;0,0;0,0;0,0;0,0;0,0;0,0;0,0;
17:19:19;103,1;0,0;0,0;0,0;0,0;0,0;0,0;0,0;
17:19:20;103,1;0,0;0,0;0,0;0,0;0,0;0,0;0,0;
17:19:21;103,1;0,0;0,0;0,0;0,0;0,0;0,0;0,0;
17:19:22;103,1;0,0;0,0;0,0;0,0;0,0;0,0;0,0;
17:19:23;103,1;0,0;0,0;0,0;0,0;0,0;0,0;0,0;
17:19:24;103,0;0,0;0,0;0,0;0,0;0,0;0,0;0,0;
17:19:25;103,0;0,0;0,0;0,0;0,0;0,0;0,0;0,0;
17:19:26;103,0;0,0;0,0;0,0;0,0;0,0;0,0;0,0;
17:19:27;103,1;0,0;0,0;0,0;0,0;0,0;0,0;0,0;
17:19:28;103,0;0,0;0,0;0,0;0,0;0,0;0,0;0,0;
17:19:29;103,0;0,0;0,0;0,0;0,0;0,0;0,0;0,0;
17:19:30;103,1;0,0;0,0;0,0;0,0;0,0;0,0;0,0;
17:19:31;103,1;0,0;0,0;0,0;0,0;0,0;0,0;0,0;
17:19:32;103,0;0,0;0,0;0,0;0,0;0,0;0,0;0,0;
17:19:33;103,0;0,0;0,0;0,0;0,0;0,0;0,0;0,0;
17:19:34;103,0;0,0;0,0;0,0;0,0;0,0;0,0;0,0;
17:19:35;103,0;0,0;0,0;0,0;0,0;0,0;0,0;0,0;
17:19:36;103,0;0,0;0,0;0,0;0,0;0,0;0,0;0,0;
17:19:37;103,0;0,0;0,0;0,0;0,0;0,0;0,0;0,0;
17:19:38;103,0;0,0;0,0;0,0;0,0;0,0;0,0;0,0;
17:19:39;103,0;0,0;0,0;0,0;0,0;0,0;0,0;0,0;
17:19:40;103,0;0,0;0,0;0,0;0,0;0,0;0,0;0,0;
17:19:41;103,0;0,0;0,0;0,0;0,0;0,0;0,0;0,0;
17:19:42;103,0;0,0;0,0;0,0;0,0;0,0;0,0;0,0;
17:19:43;103,0;0,0;0,0;0,0;0,0;0,0;0,0;0,0;
17:19:44;103,0;0,0;0,0;0,0;0,0;0,0;0,0;0,0;
17:19:45;103,0;0,0;0,0;0,0;0,0;0,0;0,0;0,0;
17:19:46;103,0;0,0;0,0;0,0;0,0;0,0;0,0;0,0;
17:19:47;103,0;0,0;0,0;0,0;0,0;0,0;0,0;0,0;
17:19:48;103,0;0,0;0,0;0,0;0,0;0,0;0,0;0,0;
17:19:49;103,0;0,0;0,0;0,0;0,0;0,0;0,0;0,0;
17:19:50;103,0;0,0;0,0;0,0;0,0;0,0;0,0;0,0;
17:19:51;103,0;0,0;0,0;0,0;0,0;0,0;0,0;0,0;
17:19:52;103,0;0,0;0,0;0,0;0,0;0,0;0,0;0,0;
17:19:53;103,0;0,0;0,0;0,0;0,0;0,0;0,0;0,0;
17:19:54;102,9;0,0;0,0;0,0;0,0;0,0;0,0;0,0;
17:19:55;102,9;0,0;0,0;0,0;0,0;0,0;0,0;0,0;
17:19:56;102,9;0,0;0,0;0,0;0,0;0,0;0,0;0,0;
17:19:57;102,9;0,0;0,0;0,0;0,0;0,0;0,0;0,0;
17:19:58;102,9;0,0;0,0;0,0;0,0;0,0;0,0;0,0;
17:19:59;102,9;0,0;0,0;0,0;0,0;0,0;0,0;0,0;
17:20:00;102,9;0,0;0,0;0,0;0,0;0,0;0,0;0,0;
17:20:01;102,9;0,0;0,0;0,0;0,0;0,0;0,0;0,0;
17:20:02;102,9;0,0;0,0;0,0;0,0;0,0;0,0;0,0;
17:20:03;102,9;0,0;0,0;0,0;0,0;0,0;0,0;0,0;
17:20:04;102,9;0,0;0,0;0,0;0,0;0,0;0,0;0,0;
17:20:05;102,9;0,0;0,0;0,0;0,0;0,0;0,0;0,0;
17:20:06;102,8;0,0;0,0;0,0;0,0;0,0;0,0;0,0;
17:20:07;102,8;0,0;0,0;0,0;0,0;0,0;0,0;0,0;
17:20:08;102,9;0,0;0,0;0,0;0,0;0,0;0,0;0,0;
17:20:09;102,9;0,0;0,0;0,0;0,0;0,0;0,0;0,0;
17:20:10;102,9;0,0;0,0;0,0;0,0;0,0;0,0;0,0;
17:20:11;102,9;0,0;0,0;0,0;0,0;0,0;0,0;0,0;
17:20:12;102,8;0,0;0,0;0,0;0,0;0,0;0,0;0,0;
17:20:13;102,8;0,0;0,0;0,0;0,0;0,0;0,0;0,0;
17:20:14;102,9;0,0;0,0;0,0;0,0;0,0;0,0;0,0;
17:20:15;102,8;0,0;0,0;0,0;0,0;0,0;0,0;0,0;
17:20:16;102,8;0,0;0,0;0,0;0,0;0,0;0,0;0,0;
17:20:17;102,8;0,0;0,0;0,0;0,0;0,0;0,0;0,0;
17:20:18;102,8;0,0;0,0;0,0;0,0;0,0;0,0;0,0;
17:20:19;102,8;0,0;0,0;0,0;0,0;0,0;0,0;0,0;
17:20:20;102,8;0,0;0,0;0,0;0,0;0,0;0,0;0,0;
17:20:21;102,8;0,0;0,0;0,0;0,0;0,0;0,0;0,0;
17:20:22;102,8;0,0;0,0;0,0;0,0;0,0;0,0;0,0;
17:20:24;102,8;0,0;0,0;0,0;0,0;0,0;0,0;0,0;
17:20:25;102,8;0,0;0,0;0,0;0,0;0,0;0,0;0,0;
17:20:26;102,8;0,0;0,0;0,0;0,0;0,0;0,0;0,0;
17:20:27;102,8;0,0;0,0;0,0;0,0;0,0;0,0;0,0;
17:20:28;102,8;0,0;0,0;0,0;0,0;0,0;0,0;0,0;
17:20:29;102,8;0,0;0,0;0,0;0,0;0,0;0,0;0,0;
17:20:30;102,8;0,0;0,0;0,0;0,0;0,0;0,0;0,0;
17:20:31;102,8;0,0;0,0;0,0;0,0;0,0;0,0;0,0;
17:20:32;102,7;0,0;0,0;0,0;0,0;0,0;0,0;0,0;
17:20:33;102,7;0,0;0,0;0,0;0,0;0,0;0,0;0,0;
17:20:34;102,7;0,0;0,0;0,0;0,0;0,0;0,0;0,0;
17:20:35;102,7;0,0;0,0;0,0;0,0;0,0;0,0;0,0;
17:20:36;102,7;0,0;0,0;0,0;0,0;0,0;0,0;0,0;
17:20:37;102,7;0,0;0,0;0,0;0,0;0,0;0,0;0,0;
17:20:38;102,7;0,0;0,0;0,0;0,0;0,0;0,0;0,0;
17:20:39;102,7;0,0;0,0;0,0;0,0;0,0;0,0;0,0;
17:20:40;102,7;0,0;0,0;0,0;0,0;0,0;0,0;0,0;
17:20:41;102,7;0,0;0,0;0,0;0,0;0,0;0,0;0,0;
17:20:42;102,7;0,0;0,0;0,0;0,0;0,0;0,0;0,0;
17:20:43;102,7;0,0;0,0;0,0;0,0;0,0;0,0;0,0;
17:20:44;102,7;0,0;0,0;0,0;0,0;0,0;0,0;0,0;
17:20:45;102,7;0,0;0,0;0,0;0,0;0,0;0,0;0,0;
17:20:46;102,7;0,0;0,0;0,0;0,0;0,0;0,0;0,0;
17:20:47;102,7;0,0;0,0;0,0;0,0;0,0;0,0;0,0;
17:20:48;102,7;0,0;0,0;0,0;0,0;0,0;0,0;0,0;
17:20:49;102,7;0,0;0,0;0,0;0,0;0,0;0,0;0,0;
17:20:50;102,7;0,0;0,0;0,0;0,0;0,0;0,0;0,0;
17:20:51;102,6;0,0;0,0;0,0;0,0;0,0;0,0;0,0;
17:20:52;102,6;0,0;0,0;0,0;0,0;0,0;0,0;0,0;
17:20:53;102,7;0,0;0,0;0,0;0,0;0,0;0,0;0,0;
17:20:54;102,6;0,0;0,0;0,0;0,0;0,0;0,0;0,0;
17:20:55;102,6;0,0;0,0;0,0;0,0;0,0;0,0;0,0;
17:20:56;102,7;0,0;0,0;0,0;0,0;0,0;0,0;0,0;
17:20:57;102,7;0,0;0,0;0,0;0,0;0,0;0,0;0,0;
17:20:58;102,7;0,0;0,0;0,0;0,0;0,0;0,0;0,0;
17:20:59;102,6;0,0;0,0;0,0;0,0;0,0;0,0;0,0;
17:21:00;102,6;0,0;0,0;0,0;0,0;0,0;0,0;0,0;
17:21:01;102,7;0,0;0,0;0,0;0,0;0,0;0,0;0,0;
17:21:02;102,6;0,0;0,0;0,0;0,0;0,0;0,0;0,0;
17:21:03;102,6;0,0;0,0;0,0;0,0;0,0;0,0;0,0;
17:21:04;102,6;0,0;0,0;0,0;0,0;0,0;0,0;0,0;
17:21:05;102,6;0,0;0,0;0,0;0,0;0,0;0,0;0,0;
17:21:06;102,6;0,0;0,0;0,0;0,0;0,0;0,0;0,0;
17:21:07;102,6;0,0;0,0;0,0;0,0;0,0;0,0;0,0;
17:21:08;102,6;0,0;0,0;0,0;0,0;0,0;0,0;0,0;
17:21:09;102,6;0,0;0,0;0,0;0,0;0,0;0,0;0,0;
17:21:10;102,6;0,0;0,0;0,0;0,0;0,0;0,0;0,0;
17:21:11;102,6;0,0;0,0;0,0;0,0;0,0;0,0;0,0;
17:21:12;102,6;0,0;0,0;0,0;0,0;0,0;0,0;0,0;
17:21:13;102,6;0,0;0,0;0,0;0,0;0,0;0,0;0,0;
17:21:14;102,6;0,0;0,0;0,0;0,0;0,0;0,0;0,0;
17:21:15;102,6;0,0;0,0;0,0;0,0;0,0;0,0;0,0;
17:21:16;102,6;0,0;0,0;0,0;0,0;0,0;0,0;0,0;
17:21:17;102,6;0,0;0,0;0,0;0,0;0,0;0,0;0,0;
17:21:18;102,6;0,0;0,0;0,0;0,0;0,0;0,0;0,0;
17:21:19;102,6;0,0;0,0;0,0;0,0;0,0;0,0;0,0;
17:21:20;102,6;0,0;0,0;0,0;0,0;0,0;0,0;0,0;
17:21:21;102,5;0,0;0,0;0,0;0,0;0,0;0,0;0,0;
17:21:22;102,6;0,0;0,0;0,0;0,0;0,0;0,0;0,0;
17:21:23;102,6;0,0;0,0;0,0;0,0;0,0;0,0;0,0;
17:21:24;102,6;0,0;0,0;0,0;0,0;0,0;0,0;0,0;
17:21:25;102,5;0,0;0,0;0,0;0,0;0,0;0,0;0,0;
17:21:26;102,5;0,0;0,0;0,0;0,0;0,0;0,0;0,0;
17:21:27;102,5;0,0;0,0;0,0;0,0;0,0;0,0;0,0;
17:21:28;102,5;0,0;0,0;0,0;0,0;0,0;0,0;0,0;
17:21:29;102,5;0,0;0,0;0,0;0,0;0,0;0,0;0,0;
17:21:30;102,5;0,0;0,0;0,0;0,0;0,0;0,0;0,0;
17:21:31;102,5;0,0;0,0;0,0;0,0;0,0;0,0;0,0;
17:21:32;102,5;0,0;0,0;0,0;0,0;0,0;0,0;0,0;
17:21:33;102,5;0,0;0,0;0,0;0,0;0,0;0,0;0,0;
17:21:34;102,5;0,0;0,0;0,0;0,0;0,0;0,0;0,0;
17:21:35;102,5;0,0;0,0;0,0;0,0;0,0;0,0;0,0;
17:21:36;102,5;0,0;0,0;0,0;0,0;0,0;0,0;0,0;
17:21:37;102,5;0,0;0,0;0,0;0,0;0,0;0,0;0,0;
17:21:38;102,5;0,0;0,0;0,0;0,0;0,0;0,0;0,0;
17:21:40;102,5;0,0;0,0;0,0;0,0;0,0;0,0;0,0;
17:21:41;102,5;0,0;0,0;0,0;0,0;0,0;0,0;0,0;
17:21:42;102,5;0,0;0,0;0,0;0,0;0,0;0,0;0,0;
17:21:43;102,5;0,0;0,0;0,0;0,0;0,0;0,0;0,0;
17:21:44;102,5;0,0;0,0;0,0;0,0;0,0;0,0;0,0;
17:21:45;102,5;0,0;0,0;0,0;0,0;0,0;0,0;0,0;
17:21:46;102,5;0,0;0,0;0,0;0,0;0,0;0,0;0,0;
17:21:47;102,5;0,0;0,0;0,0;0,0;0,0;0,0;0,0;
17:21:48;102,5;0,0;0,0;0,0;0,0;0,0;0,0;0,0;
17:21:49;102,4;0,0;0,0;0,0;0,0;0,0;0,0;0,0;
17:21:50;102,4;0,0;0,0;0,0;0,0;0,0;0,0;0,0;
17:21:51;102,4;0,0;0,0;0,0;0,0;0,0;0,0;0,0;
17:21:52;102,4;0,0;0,0;0,0;0,0;0,0;0,0;0,0;
17:21:53;102,4;0,0;0,0;0,0;0,0;0,0;0,0;0,0;
17:21:54;102,4;0,0;0,0;0,0;0,0;0,0;0,0;0,0;
17:21:55;102,4;0,0;0,0;0,0;0,0;0,0;0,0;0,0;
17:21:56;102,5;0,0;0,0;0,0;0,0;0,0;0,0;0,0;
17:21:57;102,4;0,0;0,0;0,0;0,0;0,0;0,0;0,0;
17:21:58;102,4;0,0;0,0;0,0;0,0;0,0;0,0;0,0;
17:21:59;102,4;0,0;0,0;0,0;0,0;0,0;0,0;0,0;
17:22:00;102,4;0,0;0,0;0,0;0,0;0,0;0,0;0,0;
17:22:01;102,4;0,0;0,0;0,0;0,0;0,0;0,0;0,0;
17:22:02;102,4;0,0;0,0;0,0;0,0;0,0;0,0;0,0;
17:22:03;102,4;0,0;0,0;0,0;0,0;0,0;0,0;0,0;
17:22:04;102,4;0,0;0,0;0,0;0,0;0,0;0,0;0,0;
17:22:05;102,4;0,0;0,0;0,0;0,0;0,0;0,0;0,0;
17:22:06;102,4;0,0;0,0;0,0;0,0;0,0;0,0;0,0;
17:22:07;102,4;0,0;0,0;0,0;0,0;0,0;0,0;0,0;
17:22:08;102,3;0,0;0,0;0,0;0,0;0,0;0,0;0,0;
17:22:09;102,3;0,0;0,0;0,0;0,0;0,0;0,0;0,0;
17:22:10;102,4;0,0;0,0;0,0;0,0;0,0;0,0;0,0;
17:22:11;102,4;0,0;0,0;0,0;0,0;0,0;0,0;0,0;
17:22:12;102,4;0,0;0,0;0,0;0,0;0,0;0,0;0,0;
17:22:13;102,4;0,0;0,0;0,0;0,0;0,0;0,0;0,0;
17:22:14;102,4;0,0;0,0;0,0;0,0;0,0;0,0;0,0;
17:22:15;102,4;0,0;0,0;0,0;0,0;0,0;0,0;0,0;
17:22:16;102,4;0,0;0,0;0,0;0,0;0,0;0,0;0,0;
17:22:17;102,4;5,4;0,0;0,0;0,0;0,0;0,0;0,0;
17:22:18;102,4;7,1;0,0;0,0;0,0;0,0;0,0;0,0;
17:22:19;102,3;3,0;0,0;0,0;0,0;0,0;0,0;0,0;
17:22:20;102,3;4,1;0,0;0,0;0,0;0,0;0,0;0,0;
17:22:21;102,3;4,1;0,0;0,0;0,0;0,0;0,0;0,0;
17:22:22;102,3;4,1;0,0;0,0;0,0;0,0;0,0;0,0;
17:22:23;102,3;4,1;0,0;0,0;0,0;0,0;0,0;0,0;
17:22:24;102,3;4,0;0,0;0,0;0,0;0,0;0,0;0,2;
17:22:25;102,3;4,0;0,0;0,0;0,0;0,0;0,0;0,2;
17:22:26;102,3;4,0;0,0;0,0;0,0;0,0;0,0;0,2;
17:22:27;102,3;4,0;0,0;0,0;0,0;0,0;0,0;0,2;
17:22:28;102,3;4,0;0,0;0,0;0,0;0,0;0,0;0,9;
17:22:29;102,3;4,0;0,0;0,0;0,0;0,0;0,0;1,0;
17:22:30;102,3;4,0;0,0;0,0;0,0;0,0;0,0;1,0;
17:22:31;102,3;4,0;0,0;0,0;100;1;0,0;1,0;
17:22:32;107,8;4,0;0,0;0,0;101;1;0,0;1,0;
17:22:33;113,9;4,0;0,0;0,0;100;1;0,0;1,0;
17:22:34;115,2;4,0;0,0;0,0;100;0;0,0;1,0;
17:22:35;115,7;4,0;0,0;0,0;101;1;0,0;1,0;
17:22:36;116,4;4,0;0,0;0,0;101;1;0,0;1,0;
17:22:37;116,7;4,0;0,0;0,0;100;1;0,0;1,0;
17:22:38;117,2;4,0;0,0;0,0;100;1;0,0;1,0;
17:22:39;117,4;4,0;0,0;0,0;100;1;0,0;1,0;
17:22:40;117,8;4,0;0,0;0,0;101;1;0,0;1,0;
17:22:41;118,0;4,0;0,0;0,0;100;1;0,0;1,0;
17:22:42;118,4;4,0;0,0;0,0;101;1;0,0;1,0;
17:22:43;118,5;4,0;0,0;0,0;101;1;0,0;1,0;
17:22:44;118,8;4,0;0,0;0,0;101;0;0,0;1,0;
17:22:45;118,9;4,0;0,0;0,0;101;0;0,0;1,0;
17:22:46;119,1;4,0;0,0;0,0;101;0;0,0;1,0;
17:22:47;119,3;4,0;0,0;0,0;101;0;0,0;1,0;
17:22:48;119,5;4,0;0,0;0,0;101;0;0,0;1,0;
17:22:49;119,6;4,0;0,0;0,0;101;0;0,0;1,0;
17:22:50;119,7;4,0;0,0;0,0;101;0;0,0;1,0;
17:22:51;119,8;4,0;0,0;0,0;101;0;0,0;1,0;
17:22:53;119,9;4,0;0,0;0,0;101;0;0,0;1,0;
17:22:54;120,0;4,0;0,0;0,0;101;0;0,0;1,0;
17:22:55;120,2;4,0;0,0;0,0;101;0;0,0;1,0;
17:22:56;120,3;4,0;0,0;0,0;101;0;0,0;1,0;
17:22:57;120,4;4,0;0,0;0,0;101;0;0,0;1,0;
17:22:58;120,5;4,0;0,0;0,0;101;0;0,0;1,0;
17:22:59;120,5;4,0;0,0;0,0;101;0;0,0;1,0;
17:23:00;120,6;4,0;0,0;0,0;101;0;0,0;1,0;
17:23:01;120,7;4,0;0,0;0,0;101;0;0,0;1,0;
17:23:02;120,8;4,0;0,0;0,0;101;0;0,0;1,0;
17:23:03;120,8;4,0;0,0;0,0;101;0;0,0;1,0;
17:23:04;121,0;4,0;0,0;0,0;101;0;0,0;1,0;
17:23:05;121,0;4,0;0,0;0,0;101;0;0,0;1,0;
17:23:06;121,1;4,0;0,0;0,0;101;0;0,0;1,0;
17:23:07;121,2;4,0;0,0;0,0;101;0;0,0;1,0;
17:23:08;121,3;4,0;0,0;0,0;101;0;0,0;1,0;
17:23:09;121,4;4,0;0,0;0,0;101;0;0,0;1,0;
17:23:10;121,4;4,0;0,0;0,0;100;0;0,0;1,0;
17:23:11;121,5;4,0;0,0;0,0;101;0;0,0;1,0;
17:23:12;121,6;4,0;0,0;0,0;101;0;0,0;1,0;
17:23:13;121,7;4,0;0,0;0,0;100;0;0,0;1,0;
17:23:14;121,7;4,0;0,0;0,0;100;0;0,0;1,0;
17:23:15;121,8;4,0;0,0;0,0;101;0;0,0;1,0;
17:23:16;121,9;4,0;0,0;0,0;100;0;0,0;1,0;
17:23:17;121,9;4,0;0,0;0,0;100;0;0,0;1,0;
17:23:18;122,0;4,0;0,0;0,0;101;0;0,0;1,0;
17:23:19;122,2;4,0;0,0;0,0;100;0;0,0;1,0;
17:23:20;122,3;4,0;0,0;0,0;101;0;0,0;1,0;
17:23:21;122,4;4,0;0,0;0,0;101;0;0,0;1,0;
17:23:22;122,4;4,0;0,0;0,0;101;0;0,0;1,0;
17:23:23;122,5;4,0;0,0;0,0;101;0;0,0;1,0;
17:23:24;122,5;4,0;0,0;0,0;101;0;0,0;1,0;
17:23:25;122,6;4,0;0,0;0,0;101;0;0,0;1,0;
17:23:26;122,7;4,0;0,0;0,0;100;0;0,0;1,0;
17:23:27;122,7;4,0;0,0;0,0;100;1;0,0;1,0;
17:23:28;122,8;4,0;0,0;0,0;101;0;0,0;1,0;
17:23:29;122,9;4,0;0,0;0,0;101;0;0,0;1,0;
17:23:30;122,9;4,0;0,0;0,0;101;0;0,0;1,0;
17:23:31;123,0;4,0;0,0;0,0;101;0;0,0;1,0;
17:23:32;123,1;4,0;0,0;0,0;101;0;0,0;1,0;
17:23:33;123,1;4,0;0,0;0,0;101;0;0,0;1,0;
17:23:34;123,2;4,0;0,0;0,0;101;0;0,0;1,0;
17:23:35;123,2;0,0;0,0;0,0;0,0;0,0;0,0;0,0;
17:23:36;119,9;0,0;0,0;0,0;0,0;0,0;0,0;0,0;
17:23:37;113,8;0,0;0,0;0,0;0,0;0,0;0,0;0,0;
17:23:38;109,3;0,0;0,0;0,0;0,0;0,0;0,0;0,0;
17:23:39;108,7;0,0;0,0;0,0;0,0;0,0;0,0;0,0;
17:23:41;107,9;0,0;0,0;0,0;0,0;0,0;0,0;0,0;
17:23:42;107,6;0,0;0,0;0,0;0,0;0,0;0,0;0,0;
17:23:43;107,1;0,0;0,0;0,0;0,0;0,0;0,0;0,0;
17:23:44;106,6;0,0;0,0;0,0;0,0;0,0;0,0;0,0;
17:23:45;106,4;0,0;0,0;0,0;0,0;0,0;0,0;0,0;
17:23:46;106,1;0,0;0,0;0,0;0,0;0,0;0,0;0,0;
17:23:47;106,0;0,0;0,0;0,0;0,0;0,0;0,0;0,0;
17:23:48;105,9;0,0;0,0;0,0;0,0;0,0;0,0;0,0;
17:23:49;105,7;0,0;0,0;0,0;0,0;0,0;0,0;0,0;
17:23:49;105,5;0,0;0,0;0,0;0,0;0,0;0,0;0,0;
17:23:50;105,4;0,0;0,0;0,0;0,0;0,0;0,0;0,0;
17:23:51;105,4;0,0;0,0;0,0;0,0;0,0;0,0;0,0;
17:23:52;105,2;0,0;0,0;0,0;0,0;0,0;0,0;0,0;
17:23:53;105,2;0,0;0,0;0,0;0,0;0,0;0,0;0,0;
17:23:54;105,1;0,0;0,0;0,0;0,0;0,0;0,0;0,0;
17:23:55;104,9;0,0;0,0;0,0;0,0;0,0;0,0;0,0;
17:23:56;104,9;0,0;0,0;0,0;0,0;0,0;0,0;0,0;
17:23:57;104,8;0,0;0,0;0,0;0,0;0,0;0,0;0,0;
17:23:58;104,7;0,0;0,0;0,0;0,0;0,0;0,0;0,0;
17:23:59;104,7;0,0;0,0;0,0;0,0;0,0;0,0;0,0;
17:24:00;104,7;4,5;0,0;0,0;0,0;0,0;0,0;0,0;
17:24:01;104,6;4,0;0,0;0,0;0,0;0,0;0,0;0,0;
17:24:02;104,5;4,1;0,0;0,0;0,0;0,0;0,0;0,0;
17:24:04;104,5;4,1;0,0;0,0;0,0;0,0;0,0;0,0;
17:24:05;104,5;4,1;0,0;0,0;0,0;0,0;0,0;0,2;
17:24:06;104,4;4,1;0,0;0,0;0,0;0,0;0,0;0,2;
17:24:07;104,4;4,0;0,0;0,0;0,0;0,0;0,0;0,2;
17:24:08;104,3;4,0;0,0;0,0;0,0;0,0;0,0;0,4;
17:24:09;104,3;4,0;0,0;0,0;0,0;0,0;0,0;0,9;
17:24:10;104,3;4,0;0,0;0,0;0,0;0,0;0,0;1,0;
17:24:11;104,2;4,0;0,0;0,0;0,0;0,0;0,0;1,0;
17:24:12;104,2;4,0;0,0;0,0;0,0;0,0;0;1,0;
17:24:13;104,2;4,0;0,0;0,0;0,0;0,0;0;1,0;
17:24:14;104,3;4,0;0,0;0,0;0,0;0,0;0;1,0;
17:24:15;104,3;4,0;0,0;0,0;0,0;0,0;0;1,0;
17:24:16;104,3;4,0;0,0;0,0;0,0;0,0;0;1,0;
17:24:17;104,4;4,0;0,0;0,0;0,0;0,0;0;1,0;
17:24:18;104,4;4,0;0,0;0,0;0,0;0,0;1512;1,0;
17:24:19;103,9;4,0;0,0;0,0;0,0;0,0;1512;1,0;
17:24:20;104,2;4,0;0,0;0,0;0,0;0,0;990;1,0;
17:24:21;103,8;4,0;0,0;0,0;0,0;0,0;990;1,0;
17:24:22;103,6;4,0;0,0;0,0;0,0;0,0;990;1,0;
17:24:23;103,6;4,0;0,0;0,0;0,0;0,0;990;1,0;
17:24:24;103,7;4,0;0,0;0,0;0,0;0,0;990;1,0;
17:24:25;104,0;4,0;0,0;0,0;0,0;0,0;996;1,0;
17:24:26;104,1;4,0;0,0;0,0;0,0;0,0;996;1,0;
17:24:27;104,3;4,0;0,0;0,0;0,0;0,0;996;1,0;
17:24:28;104,2;4,0;0,0;0,0;0,0;0,0;996;1,0;
17:24:29;103,8;4,0;0,0;0,0;0,0;0,0;996;1,0;
17:24:30;103,8;4,0;0,0;0,0;0,0;0,0;996;1,0;
17:24:31;103,8;4,0;0,0;0,0;0,0;0,0;996;1,0;
17:24:32;103,6;4,0;0,0;0,0;0,0;0,0;996;1,0;
17:24:33;103,5;4,0;0,0;0,0;0,0;0,0;0,0;1,0;
17:24:34;103,8;4,0;0,0;0,0;0,0;0,0;0,0;1,0;
17:24:35;104,0;0,0;0,0;0,0;0,0;0,0;0,0;0,0;
17:24:36;103,6;0,0;0,0;0,0;0,0;0,0;0,0;0,0;
17:24:37;103,6;0,0;0,0;0,0;0,0;0,0;0,0;0,0;
17:24:38;103,6;0,0;0,0;0,0;0,0;0,0;0,0;0,0;
17:24:39;103,6;0,0;0,0;0,0;0,0;0,0;0,0;0,0;
17:24:40;103,6;0,0;0,0;0,0;0,0;0,0;0,0;0,0;
17:24:41;103,6;0,0;0,0;0,0;0,0;0,0;0,0;0,0;
17:24:42;103,6;0,0;0,0;0,0;0,0;0,0;0,0;0,0;
17:24:43;103,5;0,0;0,0;0,0;0,0;0,0;0,0;0,0;
17:24:44;103,5;0,0;0,0;0,0;0,0;0,0;0,0;0,0;
17:24:45;103,5;0,0;0,0;0,0;0,0;0,0;0,0;0,0;
17:24:46;103,5;0,0;0,0;0,0;0,0;0,0;0,0;0,0;
17:24:47;103,5;0,0;0,0;0,0;0,0;0,0;0,0;0,0;
17:24:48;103,5;0,0;0,0;0,0;0,0;0,0;0,0;0,0;
17:24:49;103,4;0,0;0,0;0,0;0,0;0,0;0,0;0,0;
17:24:50;103,4;0,0;0,0;0,0;0,0;0,0;0,0;0,0;
17:24:51;103,4;0,0;0,0;0,0;0,0;0,0;0,0;0,0;
17:24:52;103,4;0,0;0,0;0,0;0,0;0,0;0,0;0,0;
17:24:53;103,4;0,0;0,0;0,0;0,0;0,0;0,0;0,0;
17:24:54;103,4;0,0;0,0;0,0;0,0;0,0;0,0;0,0;
17:24:55;103,4;0,0;0,0;0,0;0,0;0,0;0,0;0,0;
17:24:57;103,4;0,0;0,0;0,0;0,0;0,0;0,0;0,0;
17:24:58;103,3;0,0;0,0;0,0;0,0;0,0;0,0;0,0;
17:24:59;103,3;0,0;0,0;0,0;0,0;0,0;0,0;0,0;
17:25:00;103,3;0,0;0,0;0,0;0,0;0,0;0,0;0,0;
17:25:01;103,3;0,0;0,0;0,0;0,0;0,0;0,0;0,0;
17:25:02;103,3;0,0;0,0;0,0;0,0;0,0;0,0;0,0;
17:25:02;103,3;0,0;0,0;0,0;0,0;0,0;0,0;0,0;
17:25:03;103,3;0,0;0,0;0,0;0,0;0,0;0,0;0,0;
17:25:04;103,3;0,0;0,0;0,0;0,0;0,0;0,0;0,0;
17:25:05;103,3;0,0;0,0;0,0;0,0;0,0;0,0;0,0;
17:25:06;103,3;4,8;0,0;0,0;0,0;0,0;0,0;0,0;
17:25:07;103,2;3,9;0,0;0,0;0,0;0,0;0,0;0,0;
17:25:08;103,2;4,1;0,0;0,0;0,0;0,0;0,0;0,0;
17:25:09;103,2;4,0;0,0;0,0;0,0;0,0;0,0;0,0;
17:25:10;103,2;4,1;0,0;0,0;0,0;0,0;0,0;0,0;
17:25:11;103,2;4,1;0,0;0,0;0,0;0,0;0,0;0,2;
17:25:12;103,2;4,1;0,0;0,0;0,0;0,0;0,0;0,2;
17:25:13;103,2;4,0;0,0;0,0;0,0;0,0;0,0;0,2;
17:25:14;103,1;4,0;0,0;0,0;0,0;0,0;0,0;0,3;
17:25:15;103,1;4,0;0,0;0,0;0,0;0,0;0,0;0,9;
17:25:16;103,1;4,0;0,0;0,0;0,0;0,0;0,0;1,0;
17:25:17;103,1;4,0;0,0;0,0;0,0;0,0;0,0;1,0;
17:25:18;103,1;4,0;0,0;0,0;0,0;0,0;0;1,0;
17:25:19;103,1;4,0;0,0;0,0;0,0;0,0;0;1,0;
17:25:20;102,8;4,0;0,0;0,0;0,0;0,0;0;1,0;
17:25:21;103,3;4,0;0,0;0,0;0,0;0,0;0;1,0;
17:25:23;103,3;4,0;0,0;0,0;0,0;0,0;0;1,0;
17:25:24;103,3;4,0;0,0;0,0;0,0;0,0;0;1,0;
17:25:25;103,8;4,0;0,0;0,0;0,0;0,0;1590;1,0;
17:25:26;103,0;4,0;0,0;0,0;0,0;0,0;1590;1,0;
17:25:27;103,0;4,0;0,0;0,0;0,0;0,0;990;1,0;
17:25:28;103,0;4,0;0,0;0,0;0,0;0,0;990;1,0;
17:25:29;103,0;4,0;0,0;0,0;0,0;0,0;990;1,0;
17:25:30;103,1;4,0;0,0;0,0;0,0;0,0;990;1,0;
17:25:31;102,9;4,0;0,0;0,0;0,0;0,0;990;1,0;
17:25:32;102,9;4,0;0,0;0,0;0,0;0,0;996;1,0;
17:25:33;103,0;4,0;0,0;0,0;0,0;0,0;996;1,0;
17:25:34;103,0;4,0;0,0;0,0;0,0;0,0;990;1,0;
17:25:35;103,0;4,0;0,0;0,0;0,0;0,0;990;1,0;
17:25:36;102,9;4,0;0,0;0,0;0,0;0,0;990;1,0;
17:25:37;102,9;4,0;0,0;0,0;0,0;0,0;996;1,0;
17:25:38;102,9;4,0;0,0;0,0;0,0;0,0;990;1,0;
17:25:39;102,9;4,0;0,0;0,0;0,0;0,0;990;1,0;
17:25:40;102,9;4,0;0,0;0,0;0,0;0,0;990;1,0;
17:25:41;102,8;4,0;0,0;0,0;0,0;0,0;990;1,0;
17:25:42;102,9;4,0;0,0;0,0;0,0;0,0;990;1,0;
17:25:43;102,9;4,0;0,0;0,0;0,0;0,0;990;1,0;
17:25:44;102,9;4,0;0,0;0,0;0,0;0,0;990;1,0;
17:25:45;102,8;4,0;0,0;0,0;0,0;0,0;990;1,0;
17:25:46;102,8;4,0;0,0;0,0;0,0;0,0;990;1,0;
17:25:47;102,8;4,0;0,0;0,0;0,0;0,0;990;1,0;
17:25:48;102,8;4,0;0,0;0,0;0,0;0,0;996;1,0;
17:25:49;102,8;4,0;0,0;0,0;0,0;0,0;996;1,0;
17:25:50;102,8;4,0;0,0;0,0;0,0;0,0;990;1,0;
17:25:51;102,7;4,0;0,0;0,0;0,0;0,0;990;1,0;
17:25:52;102,7;4,0;0,0;0,0;0,0;0,0;990;1,0;
17:25:53;102,7;4,0;0,0;0,0;0,0;0,0;990;1,0;
17:25:54;102,7;4,0;0,0;0,0;0,0;0,0;990;1,0;
17:25:55;102,7;4,0;0,0;0,0;0,0;0,0;996;1,0;
17:25:56;102,7;4,0;0,0;0,0;0,0;0,0;996;1,0;
17:25:57;102,7;4,0;0,0;0,0;0,0;0,0;996;1,0;
17:25:58;102,7;4,0;0,0;0,0;0,0;0,0;996;1,0;
17:25:59;102,7;4,0;0,0;0,0;0,0;0,0;996;1,0;
17:26:00;102,7;4,0;0,0;0,0;0,0;0,0;990;1,0;
17:26:01;102,7;4,0;0,0;0,0;0,0;0,0;990;1,0;
17:26:02;102,7;4,0;0,0;0,0;0,0;0,0;990;1,0;
17:26:03;102,7;4,0;0,0;0,0;0,0;0,0;990;1,0;
17:26:04;102,7;4,0;0,0;0,0;0,0;0,0;990;1,0;
17:26:05;102,6;4,0;0,0;0,0;0,0;0,0;996;1,0;
17:26:06;102,6;4,0;0,0;0,0;0,0;0,0;996;1,0;
17:26:08;102,6;4,0;0,0;0,0;0,0;0,0;996;1,0;
17:26:09;102,6;4,0;0,0;0,0;0,0;0,0;996;1,0;
17:26:10;102,7;4,0;0,0;0,0;0,0;0,0;996;1,0;
17:26:11;102,6;4,0;0,0;0,0;0,0;0,0;996;1,0;
17:26:12;102,7;4,0;0,0;0,0;0,0;0,0;996;1,0;
17:26:13;102,6;4,0;0,0;0,0;0,0;0,0;996;1,0;
17:26:14;102,6;4,0;0,0;0,0;0,0;0,0;996;1,0;
17:26:15;102,7;4,0;0,0;0,0;0,0;0,0;996;1,0;
17:26:16;102,6;4,0;0,0;0,0;0,0;0,0;996;1,0;
17:26:17;102,6;4,0;0,0;0,0;0,0;0,0;996;1,0;
17:26:18;102,6;4,0;0,0;0,0;0,0;0,0;996;1,0;
17:26:19;102,6;4,0;0,0;0,0;0,0;0,0;996;1,0;
17:26:20;102,6;4,0;0,0;0,0;0,0;0,0;996;1,0;
17:26:21;102,5;4,0;0,0;0,0;0,0;0,0;996;1,0;
17:26:22;102,6;4,0;0,0;0,0;0,0;0,0;990;1,0;
17:26:23;102,6;4,0;0,0;0,0;0,0;0,0;990;1,0;
17:26:24;102,6;4,0;0,0;0,0;0,0;0,0;990;1,0;
17:26:25;102,5;4,0;0,0;0,0;0,0;0,0;990;1,0;
17:26:25;102,5;4,0;0,0;0,0;0,0;0,0;990;1,0;
17:26:26;102,5;4,0;0,0;0,0;0,0;0,0;990;1,0;
17:26:27;102,6;4,0;0,0;0,0;0,0;0,0;990;1,0;
17:26:28;102,6;4,0;0,0;0,0;0,0;0,0;990;1,0;
17:26:29;102,6;4,0;0,0;0,0;0,0;0,0;990;1,0;
17:26:30;102,5;4,0;0,0;0,0;0,0;0,0;990;1,0;
17:26:31;102,5;4,0;0,0;0,0;0,0;0,0;990;1,0;
17:26:32;102,5;4,0;0,0;0,0;0,0;0,0;990;1,0;
17:26:34;102,5;4,0;0,0;0,0;0,0;0,0;990;1,0;
17:26:35;102,5;4,0;0,0;0,0;0,0;0,0;990;1,0;
17:26:36;102,5;4,0;0,0;0,0;0,0;0,0;990;1,0;
17:26:37;102,5;4,0;0,0;0,0;0,0;0,0;990;1,0;
17:26:38;102,5;4,0;0,0;0,0;0,0;0,0;990;1,0;
17:26:39;102,5;4,0;0,0;0,0;0,0;0,0;990;1,0;
17:26:40;102,4;4,0;0,0;0,0;0,0;0,0;990;1,0;
17:26:41;102,1;4,0;0,0;0,0;0,0;0,0;990;1,0;
17:26:42;102,2;4,0;0,0;0,0;0,0;0,0;990;1,0;
17:26:43;102,4;4,0;0,0;0,0;0,0;0,0;990;1,0;
17:26:44;102,4;4,0;0,0;0,0;0,0;0,0;990;1,0;
17:26:45;102,4;4,0;0,0;0,0;0,0;0,0;990;1,0;
17:26:46;102,5;4,0;0,0;0,0;0,0;0,0;990;1,0;
17:26:47;102,4;4,0;0,0;0,0;0,0;0,0;990;1,0;
17:26:48;102,4;4,0;0,0;0,0;0,0;0,0;990;1,0;
17:26:49;102,4;4,0;0,0;0,0;0,0;0,0;990;1,0;
17:26:50;102,4;4,0;0,0;0,0;0,0;0,0;990;1,0;
17:26:51;102,4;4,0;0,0;0,0;0,0;0,0;990;1,0;
17:26:52;102,4;4,0;0,0;0,0;0,0;0,0;990;1,0;
17:26:53;102,4;4,0;0,0;0,0;0,0;0,0;990;1,0;
17:26:54;102,4;4,0;0,0;0,0;0,0;0,0;990;1,0;
17:26:55;102,3;4,0;0,0;0,0;0,0;0,0;990;1,0;
17:26:56;102,4;4,0;0,0;0,0;0,0;0,0;990;1,0;
17:26:57;102,3;4,0;0,0;0,0;0,0;0,0;996;1,0;
17:26:58;102,4;4,0;0,0;0,0;0,0;0,0;996;1,0;
17:26:59;102,4;4,0;0,0;0,0;0,0;0,0;996;1,0;
17:27:00;102,4;4,0;0,0;0,0;0,0;0,0;996;1,0;
17:27:01;102,3;4,0;0,0;0,0;0,0;0,0;996;1,0;
17:27:02;102,3;4,0;0,0;0,0;0,0;0,0;996;1,0;
17:27:03;102,2;4,0;0,0;0,0;0,0;0,0;996;1,0;
17:27:04;102,2;4,0;0,0;0,0;0,0;0,0;990;1,0;
17:27:05;102,3;4,0;0,0;0,0;0,0;0,0;990;1,0;
17:27:06;102,3;4,0;0,0;0,0;0,0;0,0;990;1,0;
17:27:07;102,3;4,0;0,0;0,0;0,0;0,0;990;1,0;
17:27:08;102,3;4,0;0,0;0,0;0,0;0,0;990;1,0;
17:27:09;102,3;4,0;0,0;0,0;0,0;0,0;990;1,0;
17:27:10;102,3;4,0;0,0;0,0;0,0;0,0;996;1,0;
17:27:11;102,3;4,0;0,0;0,0;0,0;0,0;996;1,0;
17:27:12;102,2;4,0;0,0;0,0;0,0;0,0;996;1,0;
17:27:13;102,2;4,0;0,0;0,0;0,0;0,0;996;1,0;
17:27:14;102,2;4,0;0,0;0,0;0,0;0,0;996;1,0;
17:27:15;102,3;4,0;0,0;0,0;0,0;0,0;996;1,0;
17:27:16;102,3;4,0;0,0;0,0;0,0;0,0;996;1,0;
17:27:17;102,2;4,0;0,0;0,0;0,0;0,0;996;1,0;
17:27:18;102,2;4,0;0,0;0,0;0,0;0,0;996;1,0;
17:27:19;102,3;4,0;0,0;0,0;0,0;0,0;990;1,0;
17:27:20;102,2;4,0;0,0;0,0;0,0;0,0;990;1,0;
17:27:21;102,2;4,0;0,0;0,0;0,0;0,0;990;1,0;
17:27:22;102,2;4,0;0,0;0,0;0,0;0,0;990;1,0;
17:27:23;102,2;4,0;0,0;0,0;0,0;0,0;990;1,0;
17:27:24;102,2;4,0;0,0;0,0;0,0;0,0;990;1,0;
17:27:26;102,2;4,0;0,0;0,0;0,0;0,0;996;1,0;
17:27:27;102,2;4,0;0,0;0,0;0,0;0,0;996;1,0;
17:27:28;102,2;4,0;0,0;0,0;0,0;0,0;996;1,0;
17:27:29;102,2;4,0;0,0;0,0;0,0;0,0;990;1,0;
17:27:30;102,2;4,0;0,0;0,0;0,0;0,0;0,0;1,0;
17:27:31;102,2;4,0;0,0;0,0;0,0;0,0;0,0;1,0;
17:27:32;102,2;4,0;0,0;0,0;0,0;0,0;0,0;1,0;
17:27:33;102,2;4,0;0,0;0,0;0,0;0,0;0,0;1,0;
17:27:34;102,2;4,0;0,0;0,0;0,0;0,0;0,0;1,0;
17:27:35;102,1;4,0;0,0;0,0;0,0;0,0;0,0;1,0;
17:27:36;102,1;0,0;0,0;0,0;0,0;0,0;0,0;0,5;
17:27:37;102,1;0,0;0,0;0,0;0,0;0,0;0,0;0,3;
17:27:38;102,2;0,0;0,0;0,0;0,0;0,0;0,0;0,2;
17:27:38;102,2;0,0;0,0;0,0;0,0;0,0;0,0;0,2;
17:27:39;102,2;0,0;0,0;0,0;0,0;0,0;0,0;0,2;
17:27:40;102,1;0,0;0,0;0,0;0,0;0,0;0,0;0,2;
17:27:41;102,2;0,0;0,0;0,0;0,0;0,0;0,0;0,2;
17:27:42;102,2;0,0;0,0;0,0;0,0;0,0;0,0;0,2;
17:27:43;102,1;0,0;0,0;0,0;0,0;0,0;0,0;0,2;
17:27:44;102,1;0,0;0,0;0,0;0,0;0,0;0,0;0,2;
17:27:45;102,1;0,0;0,0;0,0;0,0;0,0;0,0;0,0;
17:27:46;102,1;0,0;0,0;0,0;0,0;0,0;0,0;0,0;
17:27:48;102,1;0,0;0,0;0,0;0,0;0,0;0,0;0,0;
17:27:49;102,1;0,0;0,0;0,0;0,0;0,0;0,0;0,0;
17:27:50;102,1;0,0;0,0;0,0;0,0;0,0;0,0;0,0;
17:27:51;102,1;0,0;0,0;0,0;0,0;0,0;0,0;0,0;
17:27:52;102,1;0,0;0,0;0,0;0,0;0,0;0,0;0,0;
17:27:53;102,1;0,0;0,0;0,0;0,0;0,0;0,0;0,0;
17:27:54;102,1;0,0;0,0;0,0;0,0;0,0;0,0;0,0;
17:27:55;102,1;0,0;0,0;0,0;0,0;0,0;0,0;0,0;
17:27:56;102,1;0,0;0,0;0,0;0,0;0,0;0,0;0,0;
17:27:57;102,1;0,0;0,0;0,0;0,0;0,0;0,0;0,0;
17:27:58;102,1;0,0;0,0;0,0;0,0;0,0;0,0;0,0;
17:27:59;102,1;0,0;0,0;0,0;0,0;0,0;0,0;0,0;
17:28:00;102,1;0,0;0,0;0,0;0,0;0,0;0,0;0,0;
17:28:01;102,1;0,0;0,0;0,0;0,0;0,0;0,0;0,0;
17:28:02;102,1;0,0;0,0;0,0;0,0;0,0;0,0;0,0;
17:28:03;102,1;0,0;0,0;0,0;0,0;0,0;0,0;0,0;
17:28:04;102,1;0,0;0,0;0,0;0,0;0,0;0,0;0,0;
17:28:05;102,1;0,0;0,0;0,0;0,0;0,0;0,0;0,0;
17:28:06;102,1;0,0;0,0;0,0;0,0;0,0;0,0;0,0;
17:28:07;102,1;0,0;0,0;0,0;0,0;0,0;0,0;0,0;
17:28:08;102,1;0,0;0,0;0,0;0,0;0,0;0,0;0,0;
17:28:09;102,1;0,0;0,0;0,0;0,0;0,0;0,0;0,0;
17:28:10;102,1;0,0;0,0;0,0;0,0;0,0;0,0;0,0;
17:28:11;102,1;0,0;0,0;0,0;0,0;0,0;0,0;0,0;
17:28:12;102,1;0,0;0,0;0,0;0,0;0,0;0,0;0,0;
17:28:13;102,0;0,0;0,0;0,0;0,0;0,0;0,0;0,0;
17:28:14;102,1;0,0;0,0;0,0;0,0;0,0;0,0;0,0;
17:28:15;102,1;0,0;0,0;0,0;0,0;0,0;0,0;0,0;
17:28:16;102,0;0,0;0,0;0,0;0,0;0,0;0,0;0,0;
17:28:17;102,0;0,0;0,0;0,0;0,0;0,0;0,0;0,0;
17:28:18;102,0;0,0;0,0;0,0;0,0;0,0;0,0;0,0;
17:28:19;102,0;0,0;0,0;0,0;0,0;0,0;0,0;0,0;
17:28:20;102,0;0,0;0,0;0,0;0,0;0,0;0,0;0,0;
17:28:21;102,0;0,0;0,0;0,0;0,0;0,0;0,0;0,0;
17:28:22;102,0;0,0;0,0;0,0;0,0;0,0;0,0;0,0;
17:28:23;102,0;0,0;0,0;0,0;0,0;0,0;0,0;0,0;
17:28:24;102,0;0,0;0,0;0,0;0,0;0,0;0,0;0,0;
17:28:25;102,0;0,0;0,0;0,0;0,0;0,0;0,0;0,0;
17:28:26;102,0;0,0;0,0;0,0;0,0;0,0;0,0;0,0;
17:28:27;102,0;0,0;0,0;0,0;0,0;0,0;0,0;0,0;
17:28:28;102,0;0,0;0,0;0,0;0,0;0,0;0,0;0,0;
17:28:29;102,0;0,0;0,0;0,0;0,0;0,0;0,0;0,0;
17:28:30;102,0;0,0;0,0;0,0;0,0;0,0;0,0;0,0;
17:28:31;101,9;0,0;0,0;0,0;0,0;0,0;0,0;0,0;
17:28:32;101,9;0,0;0,0;0,0;0,0;0,0;0,0;0,0;
17:28:33;101,9;0,0;0,0;0,0;0,0;0,0;0,0;0,0;
17:28:34;101,9;0,0;0,0;0,0;0,0;0,0;0,0;0,0;
17:28:35;101,9;0,0;0,0;0,0;0,0;0,0;0,0;0,0;
17:28:36;102,0;0,0;0,0;0,0;0,0;0,0;0,0;0,0;
17:28:37;102,0;0,0;0,0;0,0;0,0;0,0;0,0;0,0;
17:28:39;102,0;0,0;0,0;0,0;0,0;0,0;0,0;0,0;
17:28:40;102,0;0,0;0,0;0,0;0,0;0,0;0,0;0,0;
17:28:41;102,0;0,0;0,0;0,0;0,0;0,0;0,0;0,0;
17:28:42;102,0;0,0;0,0;0,0;0,0;0,0;0,0;0,0;
17:28:43;101,9;0,0;0,0;0,0;0,0;0,0;0,0;0,0;
17:28:44;101,9;0,0;0,0;0,0;0,0;0,0;0,0;0,0;
17:28:45;102,0;0,0;0,0;0,0;0,0;0,0;0,0;0,0;
17:28:46;102,0;0,0;0,0;0,0;0,0;0,0;0,0;0,0;
17:28:47;102,0;0,0;0,0;0,0;0,0;0,0;0,0;0,0;
17:28:48;101,9;0,0;0,0;0,0;0,0;0,0;0,0;0,0;
17:28:49;101,9;0,0;0,0;0,0;0,0;0,0;0,0;0,0;
17:28:50;101,9;0,0;0,0;0,0;0,0;0,0;0,0;0,0;
17:28:51;101,9;0,0;0,0;0,0;0,0;0,0;0,0;0,0;
17:28:52;101,9;0,0;0,0;0,0;0,0;0,0;0,0;0,0;
17:28:53;101,9;0,0;0,0;0,0;0,0;0,0;0,0;0,0;
17:28:54;101,9;0,0;0,0;0,0;0,0;0,0;0,0;0,0;
17:28:55;101,9;0,0;0,0;0,0;0,0;0,0;0,0;0,0;
17:28:56;101,9;0,0;0,0;0,0;0,0;0,0;0,0;0,0;
17:28:57;101,8;0,0;0,0;0,0;0,0;0,0;0,0;0,0;
17:28:58;101,8;0,0;0,0;0,0;0,0;0,0;0,0;0,0;
17:28:59;101,9;0,0;0,0;0,0;0,0;0,0;0,0;0,0;
17:29:00;101,9;0,0;0,0;0,0;0,0;0,0;0,0;0,0;
17:29:01;101,9;0,0;0,0;0,0;0,0;0,0;0,0;0,0;
17:29:01;101,8;0,0;0,0;0,0;0,0;0,0;0,0;0,0;
17:29:02;101,9;0,0;0,0;0,0;0,0;0,0;0,0;0,0;
17:29:04;101,8;0,0;0,0;0,0;0,0;0,0;0,0;0,0;
17:29:05;101,8;0,0;0,0;0,0;0,0;0,0;0,0;0,0;
17:29:06;101,8;0,0;0,0;0,0;0,0;0,0;0,0;0,0;
17:29:07;101,9;0,0;0,0;0,0;0,0;0,0;0,0;0,0;
17:29:08;101,8;0,0;0,0;0,0;0,0;0,0;0,0;0,0;
17:29:09;101,8;0,0;0,0;0,0;0,0;0,0;0,0;0,0;
17:29:10;101,8;0,0;0,0;0,0;0,0;0,0;0,0;0,0;
17:29:11;101,8;0,0;0,0;0,0;0,0;0,0;0,0;0,0;
17:29:12;101,8;0,0;0,0;0,0;0,0;0,0;0,0;0,0;
17:29:13;101,8;0,0;0,0;0,0;0,0;0,0;0,0;0,0;
17:29:14;101,8;0,0;0,0;0,0;0,0;0,0;0,0;0,0;
17:29:15;101,8;0,0;0,0;0,0;0,0;0,0;0,0;0,0;
17:29:16;101,8;0,0;0,0;0,0;0,0;0,0;0,0;0,0;
17:29:17;101,8;0,0;0,0;0,0;0,0;0,0;0,0;0,0;
17:29:18;101,8;0,0;0,0;0,0;0,0;0,0;0,0;0,0;
17:29:19;101,8;0,0;0,0;0,0;0,0;0,0;0,0;0,0;
17:29:20;101,8;0,0;0,0;0,0;0,0;0,0;0,0;0,0;
17:29:21;101,8;0,0;0,0;0,0;0,0;0,0;0,0;0,0;
17:29:22;101,8;0,0;0,0;0,0;0,0;0,0;0,0;0,0;
17:29:23;101,8;0,0;0,0;0,0;0,0;0,0;0,0;0,0;
17:29:24;101,8;0,0;0,0;0,0;0,0;0,0;0,0;0,0;
17:29:25;101,8;0,0;0,0;0,0;0,0;0,0;0,0;0,0;
17:29:26;101,8;0,0;0,0;0,0;0,0;0,0;0,0;0,0;
17:29:27;101,7;0,0;0,0;0,0;0,0;0,0;0,0;0,0;
17:29:28;101,8;0,0;0,0;0,0;0,0;0,0;0,0;0,0;
17:29:29;101,8;0,0;0,0;0,0;0,0;0,0;0,0;0,0;
17:29:30;101,8;0,0;0,0;0,0;0,0;0,0;0,0;0,0;
17:29:31;101,8;0,0;0,0;0,0;0,0;0,0;0,0;0,0;
17:29:32;101,8;0,0;0,0;0,0;0,0;0,0;0,0;0,0;
17:29:33;101,8;0,0;0,0;0,0;0,0;0,0;0,0;0,0;
17:29:34;101,8;0,0;0,0;0,0;0,0;0,0;0,0;0,0;
17:29:35;101,7;0,0;0,0;0,0;0,0;0,0;0,0;0,0;
17:29:36;101,7;0,0;0,0;0,0;0,0;0,0;0,0;0,0;
17:29:37;101,7;0,0;0,0;0,0;0,0;0,0;0,0;0,0;
17:29:38;101,7;0,0;0,0;0,0;0,0;0,0;0,0;0,0;
17:29:39;101,7;0,0;0,0;0,0;0,0;0,0;0,0;0,0;
17:29:40;101,7;0,0;0,0;0,0;0,0;0,0;0,0;0,0;
17:29:41;101,7;0,0;0,0;0,0;0,0;0,0;0,0;0,0;
17:29:42;101,7;0,0;0,0;0,0;0,0;0,0;0,0;0,0;
17:29:43;101,7;0,0;0,0;0,0;0,0;0,0;0,0;0,0;
17:29:44;101,7;0,0;0,0;0,0;0,0;0,0;0,0;0,0;
17:29:45;101,7;0,0;0,0;0,0;0,0;0,0;0,0;0,0;
17:29:46;101,7;0,0;0,0;0,0;0,0;0,0;0,0;0,0;
17:29:47;101,7;0,0;0,0;0,0;0,0;0,0;0,0;0,0;
17:29:48;101,7;0,0;0,0;0,0;0,0;0,0;0,0;0,0;
17:29:49;101,7;0,0;0,0;0,0;0,0;0,0;0,0;0,0;
17:29:50;101,7;0,0;0,0;0,0;0,0;0,0;0,0;0,0;
17:29:52;101,7;0,0;0,0;0,0;0,0;0,0;0,0;0,0;
17:29:53;101,6;0,0;0,0;0,0;0,0;0,0;0,0;0,0;
17:29:54;101,7;0,0;0,0;0,0;0,0;0,0;0,0;0,0;
17:29:55;101,7;0,0;0,0;0,0;0,0;0,0;0,0;0,0;
17:29:56;101,7;0,0;0,0;0,0;0,0;0,0;0,0;0,0;
17:29:57;101,7;0,0;0,0;0,0;0,0;0,0;0,0;0,0;
17:29:58;101,7;0,0;0,0;0,0;0,0;0,0;0,0;0,0;
17:29:59;101,7;0,0;0,0;0,0;0,0;0,0;0,0;0,0;
17:30:00;101,7;0,0;0,0;0,0;0,0;0,0;0,0;0,0;
17:30:01;101,6;0,0;0,0;0,0;0,0;0,0;0,0;0,0;
17:30:02;101,6;0,0;0,0;0,0;0,0;0,0;0,0;0,0;
17:30:03;101,6;0,0;0,0;0,0;0,0;0,0;0,0;0,0;
17:30:04;101,6;0,0;0,0;0,0;0,0;0,0;0,0;0,0;
17:30:05;101,6;0,0;0,0;0,0;0,0;0,0;0,0;0,0;
17:30:06;101,6;0,0;0,0;0,0;0,0;0,0;0,0;0,0;
17:30:07;101,6;0,0;0,0;0,0;0,0;0,0;0,0;0,0;
17:30:08;101,6;0,0;0,0;0,0;0,0;0,0;0,0;0,0;
17:30:09;101,6;0,0;0,0;0,0;0,0;0,0;0,0;0,0;
17:30:10;101,6;0,0;0,0;0,0;0,0;0,0;0,0;0,0;
17:30:11;101,6;0,0;0,0;0,0;0,0;0,0;0,0;0,0;
17:30:12;101,6;0,0;0,0;0,0;0,0;0,0;0,0;0,0;
17:30:13;101,6;0,0;0,0;0,0;0,0;0,0;0,0;0,0;
17:30:14;101,6;0,0;0,0;0,0;0,0;0,0;0,0;0,0;
17:30:14;101,6;0,0;0,0;0,0;0,0;0,0;0,0;0,0;
17:30:16;101,6;0,0;0,0;0,0;0,0;0,0;0,0;0,0;
17:30:17;101,6;0,0;0,0;0,0;0,0;0,0;0,0;0,0;
17:30:18;101,6;0,0;0,0;0,0;0,0;0,0;0,0;0,0;
17:30:19;101,6;0,0;0,0;0,0;0,0;0,0;0,0;0,0;
17:30:20;101,6;0,0;0,0;0,0;0,0;0,0;0,0;0,0;
17:30:21;101,6;0,0;0,0;0,0;0,0;0,0;0,0;0,0;
17:30:22;101,5;0,0;0,0;0,0;0,0;0,0;0,0;0,0;
17:30:23;101,6;0,0;0,0;0,0;0,0;0,0;0,0;0,0;
17:30:24;101,6;0,0;0,0;0,0;0,0;0,0;0,0;0,0;
17:30:25;101,6;0,0;0,0;0,0;0,0;0,0;0,0;0,0;
17:30:26;101,6;0,0;0,0;0,0;0,0;0,0;0,0;0,0;
17:30:27;101,5;0,0;0,0;0,0;0,0;0,0;0,0;0,0;
17:30:28;101,5;0,0;0,0;0,0;0,0;0,0;0,0;0,0;
17:30:29;101,5;0,0;0,0;0,0;0,0;0,0;0,0;0,0;
17:30:30;101,6;0,0;0,0;0,0;0,0;0,0;0,0;0,0;
17:30:31;101,5;0,0;0,0;0,0;0,0;0,0;0,0;0,0;
17:30:32;101,5;0,0;0,0;0,0;0,0;0,0;0,0;0,0;
17:30:33;101,5;0,0;0,0;0,0;0,0;0,0;0,0;0,0;
17:30:34;101,5;0,0;0,0;0,0;0,0;0,0;0,0;0,0;
17:30:35;101,6;0,0;0,0;0,0;0,0;0,0;0,0;0,0;
17:30:36;101,5;0,0;0,0;0,0;0,0;0,0;0,0;0,0;
17:30:37;101,5;0,0;0,0;0,0;0,0;0,0;0,0;0,0;
17:30:38;101,5;0,0;0,0;0,0;0,0;0,0;0,0;0,0;
17:30:39;101,5;0,0;0,0;0,0;0,0;0,0;0,0;0,0;
17:30:40;101,5;0,0;0,0;0,0;0,0;0,0;0,0;0,0;
17:30:41;101,5;0,0;0,0;0,0;0,0;0,0;0,0;0,0;
17:30:42;101,5;0,0;0,0;0,0;0,0;0,0;0,0;0,0;
17:30:43;101,5;0,0;0,0;0,0;0,0;0,0;0,0;0,0;
17:30:44;101,5;0,0;0,0;0,0;0,0;0,0;0,0;0,0;
17:30:45;101,5;0,0;0,0;0,0;0,0;0,0;0,0;0,0;
17:30:46;101,5;0,0;0,0;0,0;0,0;0,0;0,0;0,0;
17:30:47;101,5;0,0;0,0;0,0;0,0;0,0;0,0;0,0;
17:30:48;101,5;0,0;0,0;0,0;0,0;0,0;0,0;0,0;
17:30:49;101,5;0,0;0,0;0,0;0,0;0,0;0,0;0,0;
17:30:50;101,5;0,0;0,0;0,0;0,0;0,0;0,0;0,0;
17:30:51;101,5;0,0;0,0;0,0;0,0;0,0;0,0;0,0;
17:30:52;101,5;0,0;0,0;0,0;0,0;0,0;0,0;0,0;
17:30:53;101,5;0,0;0,0;0,0;0,0;0,0;0,0;0,0;
17:30:54;101,5;0,0;0,0;0,0;0,0;0,0;0,0;0,0;
17:30:55;101,4;0,0;0,0;0,0;0,0;0,0;0,0;0,0;
17:30:56;101,4;0,0;0,0;0,0;0,0;0,0;0,0;0,0;
17:30:57;101,4;0,0;0,0;0,0;0,0;0,0;0,0;0,0;
17:30:58;101,4;0,0;0,0;0,0;0,0;0,0;0,0;0,0;
17:30:59;101,5;0,0;0,0;0,0;0,0;0,0;0,0;0,0;
17:31:00;101,4;0,0;0,0;0,0;0,0;0,0;0,0;0,0;
17:31:01;101,4;0,0;0,0;0,0;0,0;0,0;0,0;0,0;
17:31:02;101,4;0,0;0,0;0,0;0,0;0,0;0,0;0,0;
17:31:03;101,4;0,0;0,0;0,0;0,0;0,0;0,0;0,0;
17:31:04;101,4;0,0;0,0;0,0;0,0;0,0;0,0;0,0;
17:31:05;101,4;0,0;0,0;0,0;0,0;0,0;0,0;0,0;
17:31:06;101,4;0,0;0,0;0,0;0,0;0,0;0,0;0,0;
17:31:07;101,4;0,0;0,0;0,0;0,0;0,0;0,0;0,0;
17:31:09;101,4;0,0;0,0;0,0;0,0;0,0;0,0;0,0;
17:31:10;101,4;0,0;0,0;0,0;0,0;0,0;0,0;0,0;
17:31:11;101,4;0,0;0,0;0,0;0,0;0,0;0,0;0,0;
17:31:12;101,4;0,0;0,0;0,0;0,0;0,0;0,0;0,0;
17:31:13;101,4;0,0;0,0;0,0;0,0;0,0;0,0;0,0;
17:31:14;101,4;0,0;0,0;0,0;0,0;0,0;0,0;0,0;
17:31:15;101,4;0,0;0,0;0,0;0,0;0,0;0,0;0,0;
17:31:16;101,3;0,0;0,0;0,0;0,0;0,0;0,0;0,0;
17:31:17;101,4;0,0;0,0;0,0;0,0;0,0;0,0;0,0;
17:31:18;101,4;0,0;0,0;0,0;0,0;0,0;0,0;0,0;
17:31:19;101,4;0,0;0,0;0,0;0,0;0,0;0,0;0,0;
17:31:20;101,4;0,0;0,0;0,0;0,0;0,0;0,0;0,0;
17:31:21;101,4;0,0;0,0;0,0;0,0;0,0;0,0;0,0;
17:31:22;101,3;0,0;0,0;0,0;0,0;0,0;0,0;0,0;
17:31:23;101,3;0,0;0,0;0,0;0,0;0,0;0,0;0,0;
17:31:24;101,3;0,0;0,0;0,0;0,0;0,0;0,0;0,0;
17:31:25;101,3;0,0;0,0;0,0;0,0;0,0;0,0;0,0;
17:31:26;101,3;0,0;0,0;0,0;0,0;0,0;0,0;0,0;
17:31:27;101,3;0,0;0,0;0,0;0,0;0,0;0,0;0,0;
17:31:28;101,3;0,0;0,0;0,0;0,0;0,0;0,0;0,0;
17:31:29;101,3;0,0;0,0;0,0;0,0;0,0;0,0;0,0;
17:31:30;101,3;0,0;0,0;0,0;0,0;0,0;0,0;0,0;
17:31:31;101,3;0,0;0,0;0,0;0,0;0,0;0,0;0,0;
17:31:32;101,3;0,0;0,0;0,0;0,0;0,0;0,0;0,0;
17:31:33;101,3;0,0;0,0;0,0;0,0;0,0;0,0;0,0;
17:31:34;101,3;0,0;0,0;0,0;0,0;0,0;0,0;0,0;
17:31:35;101,3;0,0;0,0;0,0;0,0;0,0;0,0;0,0;
17:31:36;101,3;0,0;0,0;0,0;0,0;0,0;0,0;0,0;
17:31:37;101,3;0,0;0,0;0,0;0,0;0,0;0,0;0,0;
17:31:38;101,3;0,0;0,0;0,0;0,0;0,0;0,0;0,0;
17:31:39;101,3;0,0;0,0;0,0;0,0;0,0;0,0;0,0;
17:31:40;101,3;0,0;0,0;0,0;0,0;0,0;0,0;0,0;
17:31:41;101,3;0,0;0,0;0,0;0,0;0,0;0,0;0,0;
17:31:42;101,3;0,0;0,0;0,0;0,0;0,0;0,0;0,0;
17:31:43;101,3;0,0;0,0;0,0;0,0;0,0;0,0;0,0;
17:31:44;101,3;0,0;0,0;0,0;0,0;0,0;0,0;0,0;
17:31:45;101,3;0,0;0,0;0,0;0,0;0,0;0,0;0,0;
17:31:46;101,3;0,0;0,0;0,0;0,0;0,0;0,0;0,0;
17:31:47;101,3;0,0;0,0;0,0;0,0;0,0;0,0;0,0;
17:31:48;101,3;0,0;0,0;0,0;0,0;0,0;0,0;0,0;
17:31:49;101,3;0,0;0,0;0,0;0,0;0,0;0,0;0,0;
17:31:50;101,3;0,0;0,0;0,0;0,0;0,0;0,0;0,0;
17:31:51;101,3;0,0;0,0;0,0;0,0;0,0;0,0;0,0;
17:31:52;101,3;0,0;0,0;0,0;0,0;0,0;0,0;0,0;
17:31:53;101,3;0,0;0,0;0,0;0,0;0,0;0,0;0,0;
17:31:54;101,3;0,0;0,0;0,0;0,0;0,0;0,0;0,0;
17:31:55;101,2;0,0;0,0;0,0;0,0;0,0;0,0;0,0;
17:31:56;101,2;0,0;0,0;0,0;0,0;0,0;0,0;0,0;
17:31:57;101,3;0,0;0,0;0,0;0,0;0,0;0,0;0,0;
17:31:58;101,3;0,0;0,0;0,0;0,0;0,0;0,0;0,0;
17:31:59;101,2;0,0;0,0;0,0;0,0;0,0;0,0;0,0;
17:32:00;101,2;0,0;0,0;0,0;0,0;0,0;0,0;0,0;
17:32:01;101,2;0,0;0,0;0,0;0,0;0,0;0,0;0,0;
17:32:02;101,2;0,0;0,0;0,0;0,0;0,0;0,0;0,0;
17:32:03;101,2;0,0;0,0;0,0;0,0;0,0;0,0;0,0;
17:32:04;101,2;0,0;0,0;0,0;0,0;0,0;0,0;0,0;
17:32:05;101,2;0,0;0,0;0,0;0,0;0,0;0,0;0,0;
17:32:06;101,2;0,0;0,0;0,0;0,0;0,0;0,0;0,0;
17:32:07;101,2;0,0;0,0;0,0;0,0;0,0;0,0;0,0;
17:32:08;101,2;0,0;0,0;0,0;0,0;0,0;0,0;0,0;
17:32:09;101,2;0,0;0,0;0,0;0,0;0,0;0,0;0,0;
17:32:10;101,2;0,0;0,0;0,0;0,0;0,0;0,0;0,0;
17:32:11;101,2;0,0;0,0;0,0;0,0;0,0;0,0;0,0;
17:32:12;101,2;0,0;0,0;0,0;0,0;0,0;0,0;0,0;
17:32:13;101,2;0,0;0,0;0,0;0,0;0,0;0,0;0,0;
17:32:14;101,2;0,0;0,0;0,0;0,0;0,0;0,0;0,0;
17:32:15;101,2;0,0;0,0;0,0;0,0;0,0;0,0;0,0;
17:32:16;101,2;0,0;0,0;0,0;0,0;0,0;0,0;0,0;
17:32:17;101,2;0,0;0,0;0,0;0,0;0,0;0,0;0,0;
17:32:19;101,2;0,0;0,0;0,0;0,0;0,0;0,0;0,0;
17:32:20;101,2;0,0;0,0;0,0;0,0;0,0;0,0;0,0;
17:32:21;101,2;0,0;0,0;0,0;0,0;0,0;0,0;0,0;
17:32:22;101,2;0,0;0,0;0,0;0,0;0,0;0,0;0,0;
17:32:23;101,2;0,0;0,0;0,0;0,0;0,0;0,0;0,0;
17:32:24;101,2;0,0;0,0;0,0;0,0;0,0;0,0;0,0;
17:32:25;101,2;0,0;0,0;0,0;0,0;0,0;0,0;0,0;
17:32:26;101,2;0,0;0,0;0,0;0,0;0,0;0,0;0,0;
17:32:27;101,1;0,0;0,0;0,0;0,0;0,0;0,0;0,0;
17:32:28;101,1;0,0;0,0;0,0;0,0;0,0;0,0;0,0;
17:32:29;101,1;0,0;0,0;0,0;0,0;0,0;0,0;0,0;
17:32:30;101,1;0,0;0,0;0,0;0,0;0,0;0,0;0,0;
17:32:31;101,1;0,0;0,0;0,0;0,0;0,0;0,0;0,0;
17:32:32;101,1;0,0;0,0;0,0;0,0;0,0;0,0;0,0;
17:32:33;101,1;0,0;0,0;0,0;0,0;0,0;0,0;0,0;
17:32:34;101,1;0,0;0,0;0,0;0,0;0,0;0,0;0,0;
17:32:35;101,1;0,0;0,0;0,0;0,0;0,0;0,0;0,0;
17:32:36;101,1;0,0;0,0;0,0;0,0;0,0;0,0;0,0;
17:32:37;101,1;0,0;0,0;0,0;0,0;0,0;0,0;0,0;
17:32:38;101,1;0,0;0,0;0,0;0,0;0,0;0,0;0,0;
17:32:39;101,1;0,0;0,0;0,0;0,0;0,0;0,0;0,0;
17:32:40;101,1;0,0;0,0;0,0;0,0;0,0;0,0;0,0;
17:32:41;101,1;0,0;0,0;0,0;0,0;0,0;0,0;0,0;
17:32:42;101,1;0,0;0,0;0,0;0,0;0,0;0,0;0,0;
17:32:43;101,1;0,0;0,0;0,0;0,0;0,0;0,0;0,0;
17:32:44;101,1;0,0;0,0;0,0;0,0;0,0;0,0;0,0;
17:32:45;101,1;0,0;0,0;0,0;0,0;0,0;0,0;0,0;
17:32:46;101,1;0,0;0,0;0,0;0,0;0,0;0,0;0,0;
17:32:47;101,1;0,0;0,0;0,0;0,0;0,0;0,0;0,0;
17:32:48;101,1;0,0;0,0;0,0;0,0;0,0;0,0;0,0;
17:32:49;101,1;0,0;0,0;0,0;0,0;0,0;0,0;0,0;
17:32:50;101,1;0,0;0,0;0,0;0,0;0,0;0,0;0,0;
17:32:51;101,1;0,0;0,0;0,0;0,0;0,0;0,0;0,0;
17:32:52;101,1;0,0;0,0;0,0;0,0;0,0;0,0;0,0;
17:32:53;101,1;0,0;0,0;0,0;0,0;0,0;0,0;0,0;
17:32:54;101,1;0,0;0,0;0,0;0,0;0,0;0,0;0,0;
17:32:55;101,1;0,0;0,0;0,0;0,0;0,0;0,0;0,0;
17:32:56;101,1;0,0;0,0;0,0;0,0;0,0;0,0;0,0;
17:32:57;101,1;0,0;0,0;0,0;0,0;0,0;0,0;0,0;
17:32:58;101,0;0,0;0,0;0,0;0,0;0,0;0,0;0,0;
17:32:59;101,0;0,0;0,0;0,0;0,0;0,0;0,0;0,0;
17:33:00;101,0;0,0;0,0;0,0;0,0;0,0;0,0;0,0;
17:33:01;101,1;0,0;0,0;0,0;0,0;0,0;0,0;0,0;
17:33:02;101,1;0,0;0,0;0,0;0,0;0,0;0,0;0,0;
17:33:03;101,0;0,0;0,0;0,0;0,0;0,0;0,0;0,0;
17:33:04;101,0;0,0;0,0;0,0;0,0;0,0;0,0;0,0;
17:33:05;101,0;0,0;0,0;0,0;0,0;0,0;0,0;0,0;
17:33:06;101,1;0,0;0,0;0,0;0,0;0,0;0,0;0,0;
17:33:07;101,1;0,0;0,0;0,0;0,0;0,0;0,0;0,0;
17:33:08;101,1;0,0;0,0;0,0;0,0;0,0;0,0;0,0;
17:33:09;101,0;0,0;0,0;0,0;0,0;0,0;0,0;0,0;
17:33:10;101,0;0,0;0,0;0,0;0,0;0,0;0,0;0,0;
17:33:11;101,0;0,0;0,0;0,0;0,0;0,0;0,0;0,0;
17:33:12;101,0;0,0;0,0;0,0;0,0;0,0;0,0;0,0;
17:33:13;101,0;0,0;0,0;0,0;0,0;0,0;0,0;0,0;
17:33:14;101,0;0,0;0,0;0,0;0,0;0,0;0,0;0,0;
17:33:15;101,0;0,0;0,0;0,0;0,0;0,0;0,0;0,0;
17:33:16;101,0;0,0;0,0;0,0;0,0;0,0;0,0;0,0;
17:33:17;101,0;0,0;0,0;0,0;0,0;0,0;0,0;0,0;
17:33:18;101,0;0,0;0,0;0,0;0,0;0,0;0,0;0,0;
17:33:19;100,9;0,0;0,0;0,0;0,0;0,0;0,0;0,0;
17:33:20;101,0;0,0;0,0;0,0;0,0;0,0;0,0;0,0;
17:33:21;101,0;0,0;0,0;0,0;0,0;0,0;0,0;0,0;
17:33:22;101,0;0,0;0,0;0,0;0,0;0,0;0,0;0,0;
17:33:23;101,0;0,0;0,0;0,0;0,0;0,0;0,0;0,0;
17:33:24;101,0;0,0;0,0;0,0;0,0;0,0;0,0;0,0;
17:33:25;101,0;0,0;0,0;0,0;0,0;0,0;0,0;0,0;
17:33:26;101,0;0,0;0,0;0,0;0,0;0,0;0,0;0,0;
17:33:27;100,9;0,0;0,0;0,0;0,0;0,0;0,0;0,0;
17:33:28;100,9;0,0;0,0;0,0;0,0;0,0;0,0;0,0;
17:33:29;101,0;0,0;0,0;0,0;0,0;0,0;0,0;0,0;
17:33:30;101,0;0,0;0,0;0,0;0,0;0,0;0,0;0,0;
17:33:31;101,0;0,0;0,0;0,0;0,0;0,0;0,0;0,0;
17:33:32;101,0;0,0;0,0;0,0;0,0;0,0;0,0;0,0;
17:33:33;101,0;0,0;0,0;0,0;0,0;0,0;0,0;0,0;
17:33:34;101,0;0,0;0,0;0,0;0,0;0,0;0,0;0,0;
17:33:35;100,9;0,0;0,0;0,0;0,0;0,0;0,0;0,0;
17:33:36;100,9;0,0;0,0;0,0;0,0;0,0;0,0;0,0;
17:33:37;100,9;0,0;0,0;0,0;0,0;0,0;0,0;0,0;
17:33:39;100,9;0,0;0,0;0,0;0,0;0,0;0,0;0,0;
17:33:40;100,9;0,0;0,0;0,0;0,0;0,0;0,0;0,0;
17:33:41;100,9;0,0;0,0;0,0;0,0;0,0;0,0;0,0;
17:33:42;100,9;0,0;0,0;0,0;0,0;0,0;0,0;0,0;
17:33:43;100,9;0,0;0,0;0,0;0,0;0,0;0,0;0,0;
17:33:44;100,9;0,0;0,0;0,0;0,0;0,0;0,0;0,0;
17:33:45;100,9;0,0;0,0;0,0;0,0;0,0;0,0;0,0;
17:33:46;100,9;0,0;0,0;0,0;0,0;0,0;0,0;0,0;
17:33:47;100,9;0,0;0,0;0,0;0,0;0,0;0,0;0,0;
17:33:48;100,9;0,0;0,0;0,0;0,0;0,0;0,0;0,0;
17:33:49;100,9;0,0;0,0;0,0;0,0;0,0;0,0;0,0;
17:33:50;100,9;0,0;0,0;0,0;0,0;0,0;0,0;0,0;
17:33:51;100,9;0,0;0,0;0,0;0,0;0,0;0,0;0,0;
17:33:52;100,9;0,0;0,0;0,0;0,0;0,0;0,0;0,0;
17:33:53;100,9;0,0;0,0;0,0;0,0;0,0;0,0;0,0;
17:33:54;100,9;0,0;0,0;0,0;0,0;0,0;0,0;0,0;
17:33:55;100,9;0,0;0,0;0,0;0,0;0,0;0,0;0,0;
17:33:56;100,9;0,0;0,0;0,0;0,0;0,0;0,0;0,0;
17:33:57;100,9;0,0;0,0;0,0;0,0;0,0;0,0;0,0;
17:33:58;100,9;0,0;0,0;0,0;0,0;0,0;0,0;0,0;
17:33:59;100,9;0,0;0,0;0,0;0,0;0,0;0,0;0,0;
17:34:00;100,9;0,0;0,0;0,0;0,0;0,0;0,0;0,0;
17:34:01;100,9;0,0;0,0;0,0;0,0;0,0;0,0;0,0;
17:34:02;100,9;0,0;0,0;0,0;0,0;0,0;0,0;0,0;
17:34:03;100,9;0,0;0,0;0,0;0,0;0,0;0,0;0,0;
17:34:04;100,9;0,0;0,0;0,0;0,0;0,0;0,0;0,0;
17:34:05;100,9;0,0;0,0;0,0;0,0;0,0;0,0;0,0;
17:34:06;100,9;0,0;0,0;0,0;0,0;0,0;0,0;0,0;
17:34:07;100,8;0,0;0,0;0,0;0,0;0,0;0,0;0,0;
17:34:08;100,8;0,0;0,0;0,0;0,0;0,0;0,0;0,0;
17:34:09;100,8;0,0;0,0;0,0;0,0;0,0;0,0;0,0;
17:34:10;100,8;0,0;0,0;0,0;0,0;0,0;0,0;0,0;
17:34:11;100,8;0,0;0,0;0,0;0,0;0,0;0,0;0,0;
17:34:12;100,8;0,0;0,0;0,0;0,0;0,0;0,0;0,0;
17:34:13;100,8;0,0;0,0;0,0;0,0;0,0;0,0;0,0;
17:34:14;100,8;0,0;0,0;0,0;0,0;0,0;0,0;0,0;
17:34:15;100,8;0,0;0,0;0,0;0,0;0,0;0,0;0,0;
17:34:16;100,8;0,0;0,0;0,0;0,0;0,0;0,0;0,0;
17:34:17;100,8;0,0;0,0;0,0;0,0;0,0;0,0;0,0;
17:34:18;100,8;0,0;0,0;0,0;0,0;0,0;0,0;0,0;
17:34:19;100,8;0,0;0,0;0,0;0,0;0,0;0,0;0,0;
17:34:20;100,8;0,0;0,0;0,0;0,0;0,0;0,0;0,0;
17:34:21;100,8;0,0;0,0;0,0;0,0;0,0;0,0;0,0;
17:34:22;100,9;0,0;0,0;0,0;0,0;0,0;0,0;0,0;
17:34:23;100,8;0,0;0,0;0,0;0,0;0,0;0,0;0,0;
17:34:24;100,8;0,0;0,0;0,0;0,0;0,0;0,0;0,0;
17:34:25;100,8;0,0;0,0;0,0;0,0;0,0;0,0;0,0;
17:34:26;100,8;0,0;0,0;0,0;0,0;0,0;0,0;0,0;
17:34:27;100,8;0,0;0,0;0,0;0,0;0,0;0,0;0,0;
17:34:28;100,8;0,0;0,0;0,0;0,0;0,0;0,0;0,0;
17:34:29;100,8;0,0;0,0;0,0;0,0;0,0;0,0;0,0;
17:34:30;100,8;0,0;0,0;0,0;0,0;0,0;0,0;0,0;
17:34:31;100,8;0,0;0,0;0,0;0,0;0,0;0,0;0,0;
17:34:32;100,8;0,0;0,0;0,0;0,0;0,0;0,0;0,0;
17:34:33;100,8;0,0;0,0;0,0;0,0;0,0;0,0;0,0;
17:34:34;100,8;0,0;0,0;0,0;0,0;0,0;0,0;0,0;
17:34:35;100,8;0,0;0,0;0,0;0,0;0,0;0,0;0,0;
17:34:36;100,8;0,0;0,0;0,0;0,0;0,0;0,0;0,0;
17:34:37;100,8;0,0;0,0;0,0;0,0;0,0;0,0;0,0;
17:34:38;100,8;0,0;0,0;0,0;0,0;0,0;0,0;0,0;
17:34:39;100,8;0,0;0,0;0,0;0,0;0,0;0,0;0,0;
17:34:40;100,8;0,0;0,0;0,0;0,0;0,0;0,0;0,0;
17:34:41;100,8;0,0;0,0;0,0;0,0;0,0;0,0;0,0;
17:34:42;100,8;0,0;0,0;0,0;0,0;0,0;0,0;0,0;
17:34:43;100,8;0,0;0,0;0,0;0,0;0,0;0,0;0,0;
17:34:44;100,8;0,0;0,0;0,0;0,0;0,0;0,0;0,0;
17:34:45;100,8;0,0;0,0;0,0;0,0;0,0;0,0;0,0;
17:34:46;100,7;0,0;0,0;0,0;0,0;0,0;0,0;0,0;
17:34:48;100,7;0,0;0,0;0,0;0,0;0,0;0,0;0,0;
17:34:49;100,7;0,0;0,0;0,0;0,0;0,0;0,0;0,0;
17:34:50;100,8;0,0;0,0;0,0;0,0;0,0;0,0;0,0;
17:34:51;100,8;0,0;0,0;0,0;0,0;0,0;0,0;0,0;
17:34:52;100,7;0,0;0,0;0,0;0,0;0,0;0,0;0,0;
17:34:53;100,7;0,0;0,0;0,0;0,0;0,0;0,0;0,0;
17:34:54;100,7;0,0;0,0;0,0;0,0;0,0;0,0;0,0;
17:34:55;100,8;0,0;0,0;0,0;0,0;0,0;0,0;0,0;
17:34:56;100,7;0,0;0,0;0,0;0,0;0,0;0,0;0,0;
17:34:57;100,7;0,0;0,0;0,0;0,0;0,0;0,0;0,0;
17:34:58;100,7;0,0;0,0;0,0;0,0;0,0;0,0;0,0;
17:34:59;100,7;0,0;0,0;0,0;0,0;0,0;0,0;0,0;
17:35:00;100,7;0,0;0,0;0,0;0,0;0,0;0,0;0,0;
17:35:01;100,7;0,0;0,0;0,0;0,0;0,0;0,0;0,0;
17:35:02;100,7;0,0;0,0;0,0;0,0;0,0;0,0;0,0;
17:35:03;100,7;0,0;0,0;0,0;0,0;0,0;0,0;0,0;
17:35:04;100,7;0,0;0,0;0,0;0,0;0,0;0,0;0,0;
17:35:05;100,7;0,0;0,0;0,0;0,0;0,0;0,0;0,0;
17:35:06;100,7;0,0;0,0;0,0;0,0;0,0;0,0;0,0;
17:35:07;100,7;0,0;0,0;0,0;0,0;0,0;0,0;0,0;
17:35:08;100,7;0,0;0,0;0,0;0,0;0,0;0,0;0,0;
17:35:09;100,7;0,0;0,0;0,0;0,0;0,0;0,0;0,0;
17:35:10;100,7;0,0;0,0;0,0;0,0;0,0;0,0;0,0;
17:35:11;100,7;0,0;0,0;0,0;0,0;0,0;0,0;0,0;
17:35:12;100,7;0,0;0,0;0,0;0,0;0,0;0,0;0,0;
17:35:13;100,7;0,0;0,0;0,0;0,0;0,0;0,0;0,0;
17:35:14;100,7;0,0;0,0;0,0;0,0;0,0;0,0;0,0;
17:35:15;100,7;0,0;0,0;0,0;0,0;0,0;0,0;0,0;
17:35:16;100,7;0,0;0,0;0,0;0,0;0,0;0,0;0,0;
17:35:17;100,7;0,0;0,0;0,0;0,0;0,0;0,0;0,0;
17:35:18;100,7;0,0;0,0;0,0;0,0;0,0;0,0;0,0;
17:35:19;100,7;0,0;0,0;0,0;0,0;0,0;0,0;0,0;
17:35:20;100,7;0,0;0,0;0,0;0,0;0,0;0,0;0,0;
17:35:21;100,7;0,0;0,0;0,0;0,0;0,0;0,0;0,0;
17:35:22;100,7;0,0;0,0;0,0;0,0;0,0;0,0;0,0;
17:35:23;100,7;0,0;0,0;0,0;0,0;0,0;0,0;0,0;
17:35:24;100,7;0,0;0,0;0,0;0,0;0,0;0,0;0,0;
17:35:25;100,7;0,0;0,0;0,0;0,0;0,0;0,0;0,0;
17:35:26;100,7;0,0;0,0;0,0;0,0;0,0;0,0;0,0;
17:35:27;100,7;0,0;0,0;0,0;0,0;0,0;0,0;0,0;
17:35:28;100,6;0,0;0,0;0,0;0,0;0,0;0,0;0,0;
17:35:29;100,7;0,0;0,0;0,0;0,0;0,0;0,0;0,0;
17:35:30;100,7;0,0;0,0;0,0;0,0;0,0;0,0;0,0;
17:35:31;100,7;0,0;0,0;0,0;0,0;0,0;0,0;0,0;
17:35:32;100,7;0,0;0,0;0,0;0,0;0,0;0,0;0,0;
17:35:33;100,6;0,0;0,0;0,0;0,0;0,0;0,0;0,0;
17:35:34;100,6;0,0;0,0;0,0;0,0;0,0;0,0;0,0;
